11	1993.011526	466462	337277      -37.52
12	1993.038692	460889	334037.31	-38.05
13	1993.065858	472123	342416.09	-37.61
14	1993.093025	421377	306050.59	-37.49
15	1993.120191	459548	331094.09	-36.48
16	1993.147357	416480	300344.81	-35.37
17	1993.174523	467980	337061.91	-34.35
18	1993.201689	466075	335414.41	-33.57
19	1993.228855	461207	331521.09	-33.02
20	1993.256021	467274	340098.59	-32.68
21	1993.283188	461743	331709.69	-32.53
22	1993.310354	469833	338035.69	-32.54
23	1993.33752	467659	337536.5	-32.7
24	1993.364686	467923	336246.41	-32.76
25	1993.391852	470038	337664.19	-32.91
26	1993.419018	471715	339521.19	-32.59
27	1993.446185	468842	338293      -32.48
28	1993.473351	468765	339163.81	-32.38
29	1993.500517	448241	326745.5	-32.55
30	1993.527683	461232	336487.41	-32.89
31	1993.554849	258732	192559.3	-33.17
32	1993.582015	456883	334420.59	-33.26
33	1993.609181	424739	310696.41	-33.28
34	1993.636348	453727	333155.81	-33.41
35	1993.663514	451300	331899.69	-33.64
36	1993.69068	453811	333710.59	-33.91
37	1993.717846	411289	303010  	-34.09
38	1993.745012	455693	334980.91	-33.98
39	1993.772178	452872	332724.5	-33.82
40	1993.799345	454647	332591      -33.81
41	1993.826511	465491	345037.59	-34.05
42	1993.853677	463404	337642.41	-34.3
43	1993.880843	462115	335540      -34.12
44	1993.908009	451851	327055.09	-33.42
45	1993.935175	470802	340200.5	-32.38
46	1993.962341	472632	339757.69	-31.31
47	1993.989508	463197	333725.41	-30.97
48	1994.016674	472728	340712.31	-30.39
49	1994.04384	465774	336127.19	-30.24
50	1994.071006	464589	335642      -30.63
51	1994.098172	467056	335617.19	-31.14
52	1994.125338	472846	340447.69	-31.45
53	1994.152505	472074	340130.41	-31.22
54	1994.179671	464132	333918.59	-30.33
55	1994.206837	381474	277875.69	-29.1
56	1994.234003	468378	337040      -28.18
57	1994.261169	467852	336389.19	-27.92
58	1994.288335	467845	336382.41	-28.47
59	1994.315501	467642	335639.91	-28.77
60	1994.342668	472388	340106.81	-29.4
61	1994.369834	468068	336944.81	-29.67
62	1994.397	469177	338117.91	-30.13
63	1994.424166	469229	338527.5	-30.12
64	1994.451332	466690	337582      -30
65	1994.478498	473877	349016.31	-29.93
66	1994.505664	445230	324765.41	-29.92
67	1994.532831	461557	336155.5	-29.99
68	1994.559997	454521	334033.5	-30.11
69	1994.587163	454372	333147.59	-30.25
70	1994.614329	456246	335562.91	-30.34
71	1994.641495	454262	334693.59	-30.27
72	1994.668661	450945	333465.5	-30.35
73	1994.695828	445427	328647.19	-30.23
74	1994.722994	450740	332103.19	-30.21
75	1994.75016	445851	328729.69	-30.15
76	1994.777326	444448	325712.81	-29.98
77	1994.804492	457271	334359.41	-29.82
78	1994.831658	457989	335479.91	-29.82
79	1994.858824	405791	301582.59	-29.95
80	1994.885991	458362	332225.69	-29.79
81	1994.913157	466727	337386.91	-29.03
82	1994.940323	472959	340570.31	-27.77
83	1994.967489	470796	339033.19	-26.4
84	1994.994655	469955	338289.5	-25.57
85	1995.021821	469486	338088.81	-24.98
86	1995.048988	470724	339167.81	-24.65
87	1995.076154	469783	338816.19	-24.99
88	1995.10332	467616	336552.5	-25.49
89	1995.130486	468762	337824.59	-25.83
90	1995.157652	470008	338227.81	-25.65
91	1995.184818	481959	350339      -25.56
92	1995.211984	465177	333681      -25.42
93	1995.239151	464881	334959      -25.53
94	1995.266317	467737	336837.81	-25.72
95	1995.293483	468643	337223.91	-25.85
96	1995.320649	467167	335574.19	-25.81
97	1995.347815	477242	349096  	-25.78
98	1995.374981	468543	336927.5	-25.74
99	1995.402148	466170	334464  	-25.69
100	1995.429314	454345	327617.69	-25.79
101	1995.45648	472129	341332.19	-26.14
102	1995.483646	466476	339064.59	-26.72
103	1995.510812	469789	347259.81	-27.13
104	1995.537978	458078	334450.81	-27.87
105	1995.565144	460272	337561.81	-28.12
106	1995.592311	460842	339027.31	-28.11
107	1995.619477	453187	333973.31	-27.51
108	1995.646643	454189	334435.19	-27.15
109	1995.673809	447080	329384.5	-26.56
110	1995.700975	455915	335481.59	-25.74
111	1995.728141	455694	335246.19	-25.86
112	1995.755307	459681	336938.41	-25.47
113	1995.782474	459274	336469.69	-25.83
114	1995.80964	466886	346767.5	-26.17
115	1995.836806	459039	333903.31	-26.2
116	1995.863972	465533	338443.31	-25.85
117	1995.891138	408023	296507.59	-25.31
118	1995.918304	1266	901.7       -24.86
119	1995.945471	473612	340366.19	-25.06
120	1995.972637	470128	337760.91	-25.26
121	1995.999803	455383	326735.31	-25.61
122	1996.026895	466893	335670	-26.32
123	1996.053987	321326	229938.3	-26.79
124	1996.081079	473196	340614.09	-26.46
125	1996.108171	467283	336243.41	-26.37
126	1996.135263	483282	350497.31	-25.8
127	1996.162355	409743	294235.41	-25.43
128	1996.189447	472347	339762.19	-25.34
129	1996.216539	464810	333497.91	-25.41
130	1996.243631	473779	340875.81	-25.47
131	1996.270723	471250	337816.81	-25.24
132	1996.297815	469153	336589.19	-24.89
133	1996.324907	473309	339905.81	-24.41
134	1996.351998	471854	339101.31	-23.72
135	1996.37909	471337	338315.59	-23.12
136	1996.406182	470523	338394.59	-22.68
137	1996.433274	471148	338838.5	-22.42
138	1996.460366	473321	348043.31	-22.18
139	1996.487458	464417	336535.5	-21.94
140	1996.51455	462984	336130.41	-21.73
141	1996.541642	460619	336686.09	-21.7
142	1996.568734	461392	338312.41	-21.95
143	1996.595826	457974	335659.69	-22.6
144	1996.622918	445848	328140  	-23.26
145	1996.65001	451138	332464.31	-24.02
146	1996.677102	453786	335173.19	-24.29
147	1996.704194	439068	324763.09	-24.05
148	1996.731285	435372	321751.81	-23.37
149	1996.758377	457202	336786.31	-22.36
150	1996.785469	437490	327006.5	-21.3
151	1996.812561	460329	338423      -20.65
152	1996.839653	464437	340240.5	-20.65
153	1996.866745	457847	335588.91	-21.18
154	1996.893837	464923	339473.81	-22.01
155	1996.920929	467704	338770      -22.91
156	1996.948021	471975	340268.31	-23.55
157	1996.975113	463123	333004.81	-24.27
158	1997.002211	474412	341207.59	-24.64
159	1997.029377	475277	341199.31	-24.8
160	1997.056543	474346	342074.69	-24.79
161	1997.083709	475001	342603.91	-24.76
162	1997.110875	484098	350740.91	-24.74
163	1997.138042	471366	341192.81	-24.67
164	1997.165208	469682	338970.91	-24.37
165	1997.192374	467136	336166.5	-23.89
166	1997.21954	467792	335735.91	-23.34
167	1997.246706	469143	337732.31	-22.99
168	1997.273872	467305	334837      -22.63
169	1997.301038	468590	335933.81	-22.32
170	1997.328205	470769	337743.81	-21.93
171	1997.355371	469013	336212.41	-21.36
172	1997.382537	469776	338017.19	-20.74
173	1997.409703	468955	337476.41	-20.27
174	1997.436869	228003	166580.8	-19.96
175	1997.464035	468898	338761.41	-19.72
176	1997.491202	460526	333472      -19.38
177	1997.518368	463575	338518.59	-18.97
178	1997.545534	462728	338878.31	-18.51
179	1997.5727	459505	336969.59	-17.91
180	1997.599866	446297	332561.91	-17.41
181	1997.627032	455303	335732.81	-16.93
182	1997.654198	447182	330122.81	-16.61
183	1997.681365	444509	327992      -16.41
184	1997.708531	450536	332593.41	-16.21
185	1997.735697	444677	328334.81	-15.97
186	1997.762863	418373	310487.69	-16.15
187	1997.790029	453694	332080.09	-15.92
188	1997.817195	457924	334013.81	-16.24
189	1997.844362	458210	333340.09	-16.71
190	1997.871528	458611	333314      -17.5
191	1997.898694	452667	328760.81	-17.94
192	1997.92586	461738	334164.5	-18.62
193	1997.953026	457571	328879.5	-19.27
194	1997.980192	470445	338200.09	-19.71
195	1998.007358	466101	336653.81	-19.86
196	1998.034525	457485	328933.5	-19.78
197	1998.061691	413150	300687.5	-19.61
198	1998.088857	464701	333877.69	-19.47
199	1998.116023	463716	333776.91	-19.35
200	1998.143189	466318	336008.91	-19.19
201	1998.170355	465792	336080.69	-18.94
202	1998.197521	464623	334891.09	-18.62
203	1998.224688	463677	334216.5	-18.38
204	1998.251854	458795	329424.59	-18.07
205	1998.27902	459359	330464.91	-18.05
206	1998.306186	462158	332311.19	-18.28
207	1998.333352	461649	331589.69	-18.77
208	1998.360518	464744	334999.59	-19.55
209	1998.387685	424190	310355.41	-20.33
210	1998.414851	438066	315469.5	-21.28
211	1998.442017	456892	330460.31	-21.75
212	1998.469183	467685	339315.69	-22.02
213	1998.496349	464414	337662.91	-22.29
214	1998.523515	466392	339490.31	-22.74
215	1998.550681	460129	336226.41	-23.25
216	1998.577848	379990	282197.41	-23.99
217	1998.605014	453206	333282.69	-24.31
218	1998.63218	453641	334160.09	-24.84
219	1998.659346	448139	330380      -25.04
220	1998.686512	446074	330577.69	-25.18
221	1998.713678	454740	336286.31	-25.25
222	1998.740845	450646	333359.59	-25.35
223	1998.768011	450677	332834.5	-25.09
224	1998.795177	457108	341048.41	-24.86
225	1998.822343	455713	334996      -24.72
226	1998.849509	458490	335977.69	-24.65
227	1998.876675	448471	327579.19	-24.68
228	1998.903841	449925	327350.91	-24.45
229	1998.931008	463583	336329.81	-24.26
230	1998.958174	434736	313959.31	-23.97
231	1998.98534	438045	316064.81	-23.77
232	1999.012506	446378	321991.19	-23.47
233	1999.039672	468323	337577.09	-23.05
234	1999.066838	476210	345873.91	-22.32
235	1999.094005	466059	335641.31	-21.26
236	1999.121171	337310	243212.5	-20.2
237	1999.148337	467199	336772.41	-19.27
238	1999.175503	467037	336107      -18.73
239	1999.202669	467846	336502.69	-18.46
240	1999.229835	466314	336603.81	-18.4
241	1999.257001	469932	337694.31	-18.26
242	1999.284168	470102	337966.5	-18.24
243	1999.311334	448144	325850.31	-18.3
244	1999.3385	466653	335861.69	-18.45
245	1999.365666	467501	337271.59	-18.65
246	1999.392832	468089	339160.69	-18.89
247	1999.419998	466582	337945.19	-19.11
248	1999.447164	466865	338182.5	-19.24
249	1999.474331	467584	339901.31	-19.07
250	1999.501497	460078	336528.69	-19.18
251	1999.528663	460373	336980      -19.23
252	1999.555829	456144	334386.09	-19.41
253	1999.582995	456651	336627.5	-19.61
254	1999.610161	451405	333978.5	-19.64
255	1999.637328	452255	334245.91	-19.27
256	1999.664494	178415	133425.59	-18.54
257	1999.69166	454479	336268.69	-17.73
258	1999.718826	451884	333595.09	-17.14
259	1999.745992	447926	331048.69	-16.96
260	1999.773158	450028	331958.09	-16.5
261	1999.800324	450170	331965      -16.34
262	1999.827491	461825	339183.81	-16.35
263	1999.854657	461084	337234.09	-16.07
264	1999.881823	448935	326433.19	-15.81
265	1999.908989	465616	338367.19	-15.45
266	1999.936155	445592	326691.41	-15.12
267	1999.963321	469933	340329.19	-14.89
268	1999.990488	466286	337719      -14.82
269	2000.017605	464500	336180      -14.92
270	2000.044697	473659	341200.59	-15.17
271	2000.071789	467359	336828.09	-15.44
272	2000.098881	466538	336717.5	-15.65
273	2000.125973	469892	339659      -15.92
274	2000.153065	421427	304060.19	-15.75
275	2000.180157	457901	329848.19	-15.43
276	2000.207249	468953	337488.91	-15.15
277	2000.234341	466875	335370.91	-15.08
278	2000.261433	272142	198136.3	-15.35
279	2000.288525	468327	337499.91	-15.82
280	2000.315617	465547	335444.59	-16.25
281	2000.342709	467748	336963.19	-16.55
282	2000.369801	466248	337182.19	-16.69
283	2000.396892	466742	337396.09	-16.9
284	2000.423984	465715	337846.59	-16.94
285	2000.451076	466904	339833      -17.18
286	2000.478168	465055	338063.41	-17.32
287	2000.50526	463292	339094.41	-17.45
288	2000.532352	455812	333675.09	-17.5
289	2000.559444	428804	318190.41	-17.4
290	2000.586536	451026	332199.81	-17.13
291	2000.613628	442836	327513      -16.79
292	2000.64072	454559	336387.19	-16.28
293	2000.667812	451747	335081.19	-15.98
294	2000.694904	451722	334256.19	-15.36
295	2000.721996	438237	324655.09	-14.83
296	2000.749088	447629	329623.09	-13.91
297	2000.776179	456387	335639.09	-13.38
298	2000.803271	455982	335027.09	-13.16
299	2000.830363	438260	325317.91	-13.28
300	2000.857455	458660	333625.5	-13.8
301	2000.884547	416067	303667.91	-13.96
302	2000.911639	437403	317382.81	-14.19
303	2000.938731	466142	336313.81	-14.21
304	2000.965823	473531	340414      -14.03
305	2000.992915	470080	337715.91	-13.62
306	2001.020062	466747	335446.09	-13.41
307	2001.047228	386153	279369.31	-13.12
308	2001.074394	470138	338854.69	-12.79
309	2001.10156	471382	340270.91	-12.3
310	2001.128726	469495	339257.41	-11.71
311	2001.155892	467509	335885.19	-11.14
312	2001.183059	468815	336783.09	-10.72
313	2001.210225	463643	332612      -10.56
314	2001.237391	464671	334612      -10.3
315	2001.264557	465744	334893.91	-10.18
316	2001.291723	466783	335403.69	-10.2
317	2001.318889	467660	337288.19	-10.41
318	2001.346055	464750	335450      -10.78
319	2001.373222	466784	336396.91	-11.11
320	2001.400388	464356	334685.09	-11.19
321	2001.427554	463278	333389.69	-10.92
322	2001.45472	465363	335375      -10.31
323	2001.481886	453493	329411.91	-9.56
324	2001.509052	463435	336681.5	-8.97
325	2001.536218	455752	332859.69	-8.71
326	2001.563385	449706	329998.81	-8.78
327	2001.590551	443007	325282      -8.95
328	2001.617717	457952	337425.5	-8.96
329	2001.644883	457135	336113.59	-8.67
330	2001.672049	449538	331385      -8.09
331	2001.699215	447163	329263.31	-7.49
332	2001.726382	446128	328956.41	-7.21
333	2001.753548	451802	333629.59	-7.43
334	2001.780714	456471	335622.09	-7.91
335	2001.80788	456350	334470.5	-8.33
336	2001.835046	457536	335320.5	-8.51
337	2001.862212	460508	336671.31	-8.63
338	2001.889378	425295	310058.69	-8.87
339	2001.916545	465059	338866      -9.23
340	2001.943711	464690	336745      -9.54
341	2001.970877	464318	336729.09	-9.67
342	2001.998043	467238	337778.59	-9.6
343	2002.025209	458569	330949.91	-9.33
344	2002.052375	462662	333587.5	-8.88
345	2002.079542	466095	337204.81	-8.36
346	2002.106708	464937	335431      -7.93
347	2002.133874	468411	338060.69	-7.75
348	2002.16104	460915	332202.09	-7.85
349	2002.188206	463165	333771.19	-8.11
350	2002.215372	462178	332078.31	-8.34
351	2002.242538	466092	335144.59	-8.46
352	2002.269705	463940	332441      -8.54
353	2002.296871	433533	311120.41	-8.61
354	2002.324037	461056	332304.41	-8.7
355	2002.351203	468754	337141.59	-8.8
356	2002.378369	480748	345809.69	-8.91
357	2002.405535	480310	345408.41	-9.01
358	2002.432702	478850	346626.41	-8.94
359	2002.459868	474824	345334.31	-8.52
360	2002.487034	472919	343859.91	-7.74
361	2002.5142	476805	347068.59	-6.76
362	2002.541366	468440	342747.5	-5.78
363	2002.568532	469184	344549.5	-4.99
364	2002.595698	467206	342773.09	-4.56
365	2002.622865	467574	343881.69	-4.51
366	2002.650031	463771	342174.19	-4.75
367	2002.677197	462445	341597.59	-5.05
368	2002.704363	463055	340799      -5.2
369	2002.731529	464519	341310.81	-5.09
370	2002.758695	464650	340812.91	-4.77
371	2002.785861	465878	341487.19	-4.34
372	2002.813028	463071	338251.91	-4.03
373	2002.840194	467194	341276.41	-4
374	2002.86736	473042	344591.09	-4.21
375	2002.894526	476314	344851.41	-4.52
376	2002.921692	476671	344162.69	-4.81
377	2002.948858	478361	343371.59	-4.96
378	2002.976025	481306	345741.09	-4.93
379	2003.003191	481332	346090.31	-4.64
380	2003.030357	481369	347118.81	-4.08
381	2003.057523	472170	340525.31	-3.45
382	2003.084689	480404	346990.81	-3.02
383	2003.111855	478605	345814.59	-2.97
384	2003.139021	478913	345825      -3.23
385	2003.166188	471223	339320.81	-3.49
386	2003.193354	477875	344150.31	-3.56
387	2003.22052	478259	344419.69	-3.44
388	2003.247686	473641	340777.59	-3.33
389	2003.274852	457051	328674.09	-3.31
390	2003.302018	475093	342688.59	-3.4
391	2003.329185	478054	344267.41	-3.52
392	2003.356351	484144	348624.41	-3.62
393	2003.383517	476264	344070.41	-3.76
394	2003.410683	478279	345217.69	-3.95
395	2003.437849	476053	343631.19	-4.12
396	2003.465015	474498	343901.31	-4.18
397	2003.492181	472657	343134.19	-4.09
398	2003.519348	472237	345183.91	-3.93
399	2003.546514	468807	343924  	-3.79
400	2003.57368	462796	340435.81	-3.7
401	2003.600846	463840	341108.41	-3.6
402	2003.628012	464627	341525.59	-3.39
403	2003.655178	464638	341903.81	-3.11
404	2003.682345	461722	341390.41	-2.82
405	2003.709511	421051	310627      -2.59
406	2003.736677	461362	340454.69	-2.39
407	2003.763843	460487	339943.09	-2.25
408	2003.791009	465592	342583.31	-2.27
409	2003.818175	464118	341195.5	-2.52
410	2003.845341	467282	343547.69	-2.93
411	2003.872508	405682	296773.91	-3.22
412	2003.899674	81829	59231.9     -3.14
413	2003.92684	472820	342312.69	-2.68
414	2003.954006	478832	345884.31	-2.02
415	2003.981172	484426	348676.81	-1.36
416	2004.008316	484024	348888      -0.82
417	2004.035407	475554	341344.5	-0.58
418	2004.062499	474247	340621.59	-0.76
419	2004.089591	482153	347120.59	-1.29
420	2004.116683	348570	251264.41	-1.83
421	2004.143775	301505	216764      -2.05
422	2004.170867	481309	346611.59	-1.9
423	2004.197959	479280	345187.19	-1.55
424	2004.225051	476235	342556.19	-1.24
425	2004.252143	376307	270489.69	-1.11
426	2004.279235	477353	342829.59	-1.3
427	2004.306327	477856	344217      -1.85
428	2004.333419	481968	347252      -2.62
429	2004.360511	483783	348472.81	-3.38
430	2004.387603	479701	345150.41	-3.82
431	2004.414694	479534	345537.5	-3.79
432	2004.441786	480036	345914.59	-3.29
433	2004.468878	472118	342508.31	-2.53
434	2004.49597	463312	336771.19	-1.81
435	2004.523062	468236	340750.69	-1.4
436	2004.550154	468055	341990      -1.3
437	2004.577246	461955	340263.91	-1.33
438	2004.604338	462182	340936.91	-1.24
439	2004.63143	466520	343997.59	-0.98
440	2004.658522	462982	342465      -0.62
441	2004.685614	459459	340559.09	-0.34
442	2004.712706	458587	340044.19	-0.22
443	2004.739798	460318	340425.81	-0.32
444	2004.76689	460514	340703.59	-0.58
445	2004.793981	452769	333500.81	-0.89
446	2004.821073	459414	338099.5	-1.1
447	2004.848165	468700	342718.09	-1.1
448	2004.875257	469369	342481.91	-0.84
449	2004.902349	468501	339902.5	-0.31
450	2004.929441	477108	345803.5	0.35
451	2004.956533	470108	339093.69	0.89
452	2004.983625	481383	347023.19	1.16
453	2005.010746	485027	349760.81	1.23
454	2005.037912	476557	343531.41	1.37
455	2005.065079	478441	342994.31	1.75
456	2005.092245	481041	346597.41	2.33
457	2005.119411	471260	339456.41	2.94
458	2005.146577	466589	335766.41	3.38
459	2005.173743	477433	343647      3.51
460	2005.200909	477077	342722.09	3.34
461	2005.228075	468729	337142.69	3.03
462	2005.255242	481943	347386.81	2.75
463	2005.282408	476192	342524.91	2.62
464	2005.309574	477959	342987.31	2.61
465	2005.33674	479677	345465.19	2.69
466	2005.363906	478506	344220.19	2.85
467	2005.391072	474052	341612      3.07
468	2005.418239	481976	348030.81	3.3
469	2005.445405	481595	348749.41	3.52
470	2005.472571	476251	345875.09	3.69
471	2005.499737	473700	345290.31	3.8
472	2005.526903	467736	341787.41	3.74
473	2005.554069	468959	343816.69	3.54
474	2005.581235	453997	333915      3.26
475	2005.608402	463312	341762.31	3.09
476	2005.635568	457717	337768.41	3.12
477	2005.662734	460882	340184.09	3.35
478	2005.6899	461748	340801.81	3.63
479	2005.717066	267180	197489.59	3.79
480	2005.744232	288616	213977      3.76
481	2005.771399	459566	338683.91	3.67
482	2005.798565	463732	340695.31	3.78
483	2005.825731	462887	340537.31	4.27
484	2005.852897	466555	342099.59	5.02
485	2005.880063	465250	339754      5.72
486	2005.907229	472885	343508.91	6.13
487	2005.934395	478930	346964.69	6.12
488	2005.961562	480010	345996.81	5.73
489	2005.988728	476881	343064.41	5.1
490	2006.015894	481582	346973.19	4.37
491	2006.04306	483074	348394.69	3.76
492	2006.070226	482020	347444.69	3.38
493	2006.097392	479350	344873.09	3.25
494	2006.124559	476331	343208.09	3.24
495	2006.151725	477682	343441.59	3.25
496	2006.178891	477787	343855.91	3.16
497	2006.206057	481001	346265      3.01
498	2006.233223	481869	346964.91	2.85
499	2006.260389	478745	345124.69	2.74
500	2006.287555	474526	340996.31	2.75
501	2006.314722	474075	340879.19	2.94
502	2006.341888	475375	342129.81	3.35
503	2006.369054	476287	342856.69	3.91
504	2006.39622	474218	342123.41	4.51
505	2006.423386	472424	341223.09	5.06
506	2006.450552	477483	345070.91	5.6
507	2006.477718	476229	344362.81	6.12
508	2006.504885	468973	340539.59	6.51
509	2006.532051	474990	346833.09	6.58
510	2006.559217	466158	342934.09	6.31
511	2006.586383	467641	343127.19	5.86
512	2006.613549	466053	343187      5.57
513	2006.640715	461079	340310.19	5.65
514	2006.667882	457922	337688.69	6.03
515	2006.695048	458823	339475.41	6.42
516	2006.722214	448801	332846.81	6.59
517	2006.74938	460704	339878.69	6.57
518	2006.776546	457410	337307      6.53
519	2006.803712	463368	340632.59	6.59
520	2006.830878	204019	149808.09	6.65
522	2006.885211	366782	267350.81	6.25
523	2006.912377	475061	345326.69	6.05
524	2006.939543	461326	333206.5	5.98
525	2006.966709	479795	344599.31	5.94
526	2006.993875	484008	347981.31	5.84
527	2007.021042	480513	345550.5	5.72
528	2007.048208	478495	344866.69	5.47
529	2007.075374	478535	344773.5	5.38
530	2007.10254	482193	347595.91	5.48
531	2007.129706	477375	343469.59	5.7
532	2007.156872	481245	346485      5.94
533	2007.184038	478752	345584.09	6.09
534	2007.211205	476954	344302.69	6.19
535	2007.238371	477098	344197.31	6.31
536	2007.265537	476659	343231      6.42
537	2007.292703	475841	342382.19	6.39
538	2007.319869	475043	342166.31	6.21
539	2007.347035	475774	342732.31	5.99
540	2007.374202	477550	344979.91	5.88
541	2007.401368	473090	342113.69	5.93
542	2007.428534	478194	346307.81	6.01
543	2007.4557	474958	343853.09	6.05
544	2007.482866	475229	345273.59	5.94
545	2007.510032	474161	346150.19	5.69
546	2007.537198	472106	345519.69	5.39
547	2007.564365	464446	340716.09	5.14
548	2007.591531	465478	342995.91	4.96
549	2007.618697	463210	340800.91	4.78
550	2007.645863	461334	339989.19	4.47
551	2007.673029	462666	341537.59	4.15
552	2007.700195	460166	341047.69	3.98
553	2007.727361	462923	342210.31	4.05
554	2007.754528	464384	342669.59	4.36
555	2007.781694	458575	337449.41	4.87
556	2007.80886	465652	342829.5	5.59
557	2007.836026	469975	344986.09	6.45
558	2007.863192	473297	345780.41	7.25
559	2007.890358	474650	345484.5	7.69
560	2007.917525	473374	342683      7.6
561	2007.944691	479715	346505.31	7.05
562	2007.971857	478694	344845.09	6.4
563	2007.999023	480235	346170.19	5.95
564	2008.026118	480821	346281.81	5.78
565	2008.05321	479854	346013.41	5.72
566	2008.080301	478949	345440.69	5.64
567	2008.107393	473657	342640.31	5.57
568	2008.134485	476326	344388.59	5.59
569	2008.161577	477074	344915.31	5.73
570	2008.188669	478417	345949.91	5.85
571	2008.215761	477046	344819.09	5.82
572	2008.242853	475431	342529      5.61
573	2008.269945	472772	340283.81	5.35
574	2008.297037	472393	340335      5.33
575	2008.324129	472245	339858.81	5.8
576	2008.351221	209043	151166.59	6.86
577	2008.378313	475778	342512.59	8.3
578	2008.405405	479722	346259.5	9.67
579	2008.432497	477387	345775.81	10.65
580	2008.459588	474771	345555.81	11.12
581	2008.48668	474275	345087.59	11.13
582	2008.513772	475170	346068.09	10.87
583	2008.540864	455535	334823.69	10.46
584	2008.567956	466933	342763.69	10.03
585	2008.595048	456021	335914.09	9.64
586	2008.62214	464058	343322.31	9.34
587	2008.649232	451789	334508.41	9.11
588	2008.676324	455085	336686.59	8.96
589	2008.703416	461597	340563.09	8.9
590	2008.730508	461259	339971.09	8.99
591	2008.7576	462183	339848.69	9.2
592	2008.784692	465334	342821.91	9.47
593	2008.811784	464363	342829.5	9.74
594	2008.838875	465768	342818.59	10.05
595	2008.865967	469660	343757.31	10.41
596	2008.893059	473508	345052.19	10.75
597	2008.920151	469751	340763.09	10.88
598	2008.947243	476348	344780.69	10.73
599	2008.974335	478144	346195.09	10.42
600	2009.001431	484446	348691.91	10.12
601	2009.028597	368297	265328.5	9.93
602	2009.055763	475105	343304.91	9.84
603	2009.082929	478423	344952.31	9.85
604	2009.110096	481463	347044.5	10.01
605	2009.137262	481081	346778.5	10.36
606	2009.164428	477041	344127.09	10.81
607	2009.191594	476608	343180.81	11.25
608	2009.21876	476654	343032.19	11.55
609	2009.245926	475373	342186.69	11.7
610	2009.273092	478983	345650.69	11.72
611	2009.300259	480783	346288.19	11.72
612	2009.327425	463140	333436.19	11.74
613	2009.354591	473448	341804.19	11.79
614	2009.381757	478786	344563.81	11.88
615	2009.408923	458633	331082.69	12.01
616	2009.436089	471379	340957.91	12.16
617	2009.463256	477223	346785.91	12.32
618	2009.490422	468816	341273.31	12.49
619	2009.517588	472709	345366.81	12.77
620	2009.544754	466781	342844.31	13.2
621	2009.57192	466050	342691.59	13.68
622	2009.599086	465927	344146.81	14.12
623	2009.626252	458260	338256.41	14.56
624	2009.653419	461517	340791      15.08
625	2009.680585	458154	339883      15.68
626	2009.707751	459223	340840.19	16.25
627	2009.734917	460158	340339.59	16.7
628	2009.762083	461292	341662.69	17.02
629	2009.789249	460242	339835.69	17.26
630	2009.816415	462022	340873.41	17.41
631	2009.843582	465209	342470.5	17.39
632	2009.870748	469884	344705.59	17.24
633	2009.897914	472514	344471.09	16.97
634	2009.92508	472804	342932.59	16.67
635	2009.952246	480214	345475.91	16.36
636	2009.979412	482129	346366.41	16
637	2010.006579	483391	347723.91	15.56
638	2010.033745	478403	344297.81	15.11
639	2010.060911	480770	346412.5	14.9
640	2010.088077	479711	345718.31	15.12
641	2010.115243	479643	345193.59	15.7
642	2010.142409	481123	346728.19	16.27
643	2010.169575	478419	344340.59	16.42
644	2010.196742	476611	343645.59	16.15
645	2010.223908	477782	344662.19	15.73
646	2010.251074	478256	345082.59	15.53
647	2010.27824	479481	345708.59	15.65
648	2010.305406	477940	344339.41	16
649	2010.332572	478844	345141.41	16.54
650	2010.359739	477225	344023.31	17.2
651	2010.386905	478057	345815.5	17.88
652	2010.414071	476474	345817.19	18.43
653	2010.441237	477803	346285.09	18.72
654	2010.468403	476176	346236.31	18.68
655	2010.495569	468484	343070.91	18.33
656	2010.522735	467926	343467.81	17.73
657	2010.549902	469097	345523.59	16.93
658	2010.577068	458536	338516.5	16.02
659	2010.604234	458901	341022.69	15.04
660	2010.6314	459743	341207      14.13
661	2010.658566	464192	344983.31	13.4
662	2010.685732	459393	341548.41	12.9
663	2010.712899	458324	340685.91	12.64
664	2010.740065	462648	342510.91	12.56
665	2010.767231	460581	341278.81	12.62
666	2010.794397	459965	340287      12.7
667	2010.821563	462458	341583.81	12.63
668	2010.848729	463516	341958      12.35
669	2010.875895	467909	344094.19	11.93
670	2010.903062	471418	346241.41	11.54
671	2010.930228	475174	347439.5	11.34
672	2010.957394	474991	345499.19	11.35
673	2010.98456	477691	346643.41	11.47
674	2011.011726	481606	348244.81	11.57
675	2011.038892	481574	347378.19	11.56
676	2011.066059	481744	346823.41	11.49
677	2011.093225	482071	348094.5	11.36
678	2011.120391	476121	343684.19	11.17
679	2011.147557	479307	345652.81	10.91
680	2011.174723	478761	345257.59	10.58
681	2011.201889	480075	346498.41	10.24
682	2011.229055	478205	344821.81	10.01
683	2011.256222	476367	343001.5	9.99
684	2011.283388	477653	344262.5	10.17
685	2011.310554	478871	345485.69	10.57
686	2011.33772	479826	346015.91	11.18
687	2011.364886	479939	345509.19	12.01
688	2011.392052	481483	347363.5	12.96
689	2011.419218	480212	346448.81	13.88
690	2011.446385	475744	345805.09	14.61
691	2011.473551	478663	348218.09	15.02
692	2011.500717	470762	344351.31	15.14
693	2011.527883	473616	346643.19	15.17
694	2011.555049	472450	347281      15.35
695	2011.582215	465730	343337.91	15.78
696	2011.609382	459917	339730.09	16.29
697	2011.636548	458528	338806.91	16.67
698	2011.663714	461230	340804.41	16.76
699	2011.69088	463982	342914.81	16.67
700	2011.718046	464295	344012.5	16.63
701	2011.745212	460432	341363.5	16.73
702	2011.772378	418017	308500.81	16.83
703	2011.799545	464839	341480.59	16.75
704	2011.826711	465495	342626.59	16.53
705	2011.853877	470639	344101.91	16.42
706	2011.881043	474877	346381.5	16.62
707	2011.908209	476863	346574.09	17.16
708	2011.935375	476227	345307.69	17.9
709	2011.962542	480483	347011.81	18.72
710	2011.989708	481487	348340.5	19.56
711	2012.016828	480707	347142.5	20.34
712	2012.04392	482556	347650.59	20.96
713	2012.071012	482041	347813.5	21.33
714	2012.098104	478068	345272.59	21.41
715	2012.125195	478554	344419.59	21.26
716	2012.152287	478860	345203      21.02
717	2012.179379	478946	347099.91	20.83
718	2012.206471	476584	344903.31	20.81
719	2012.233563	474451	342548.19	20.97
720	2012.260655	473592	341526.59	21.24
721	2012.287747	475051	343033.09	21.58
722	2012.314839	476841	344270.59	21.93
723	2012.341931	475528	343385.41	22.31
724	2012.369023	478620	344830.69	22.76
725	2012.396115	385039	277624.91	23.33
726	2012.423207	478130	346328.31	24.02
727	2012.450299	478272	346234.59	24.8
728	2012.477391	477592	347357.91	25.58
729	2012.504482	476338	347311.81	26.34
730	2012.531574	467122	343110.09	26.98
731	2012.558666	469483	345240.81	27.33
732	2012.585758	463745	341721.31	27.32
733	2012.61285	463028	341944.31	27.06
734	2012.639942	463417	343080.81	26.83
735	2012.667034	461938	342101      26.85
736	2012.694126	461907	342748.31	27.16
737	2012.721218	459753	341161      27.57
738	2012.74831	459839	339622.41	27.89
739	2012.775402	463565	341317.31	28.01
740	2012.802494	463127	340602.41	27.99
741	2012.829586	467626	344229      27.95
742	2012.856677	468673	344378.81	28.04
743	2012.883769	472957	345007.31	28.28
744	2012.910861	478004	346929.41	28.63
745	2012.937953	479243	346394.69	29
746	2012.965045	478341	344931.31	29.29
747	2012.992137	480556	346652.91	29.51
748	2013.019282	484195	348886.5	29.66
749	2013.046448	480765	346942.69	29.77
750	2013.073614	475029	342997.69	29.82
751	2013.10078	468987	337393.41	29.83
752	2013.127946	478753	345100.69	29.81
753	2013.155113	480658	347112.81	29.78
754	2013.182279	476845	345216.91	29.71
755	2013.209445	477810	343770.31	29.51
756	2013.236611	127800	91065.6     29.18
757	2013.263777	319572	230766.2	28.79
758	2013.290943	479245	344691.59	28.41
759	2013.318109	477818	343964      28.07
760	2013.345276	479207	345796.19	27.68
761	2013.372442	479795	346341.41	27.23
762	2013.399608	477877	344535.09	26.78
763	2013.426774	476725	345121.41	26.46
764	2013.45394	475192	346216.19	26.31
765	2013.481106	472195	345531.81	26.32
766	2013.508272	469443	344111.09	26.44
767	2013.535439	466805	343903      26.54
768	2013.562605	461351	341483.19	26.49
769	2013.589771	462272	341944      26.22
770	2013.616937	460459	342003.09	25.82
771	2013.644103	460966	342653.5	25.54
772	2013.671269	326536	242340.5	25.51
773	2013.698436	232596	173703.41	25.73
774	2013.725602	457947	340905.59	26.11
775	2013.752768	458345	340103      26.56
776	2013.779934	462750	342595.81	27.06
777	2013.8071	462180	342314.5	27.52
778	2013.834266	463747	343079.41	27.86
779	2013.861432	465668	344064.5	27.98
780	2013.888599	469982	344783.09	27.91
781	2013.915765	473676	346124.81	27.73
782	2013.942931	476189	345608.09	27.62
783	2013.970097	476406	345772.59	27.72
784	2013.997263	478664	346049.09	28.02
785	2014.024429	483061	347949      28.43
786	2014.051596	482798	347432.19	28.91
787	2014.078762	479559	346177.91	29.46
788	2014.105928	482233	347602.19	30.07
789	2014.133094	482671	347829.81	30.63
790	2014.16026	431256	312002      30.98
791	2014.187426	477867	344951.41	31.07
792	2014.214592	479499	345525.81	30.89
793	2014.241759	478865	345488.5	30.48
794	2014.268925	479944	345925.5	29.89
795	2014.296091	476251	342600.59	29.24
796	2014.323257	420393	301483.5	28.68
797	2014.350423	478769	345405.41	28.39
798	2014.377589	479187	344317.41	28.42
799	2014.404756	478023	344874.91	28.74
800	2014.431922	477754	345367.41	29.32
801	2014.459088	470895	342392.5	30.1
802	2014.486254	468899	343552.41	30.93
803	2014.51342	468868	344716.69	31.67
804	2014.540586	465127	343136.5	32.2
805	2014.567752	459180	340510.09	32.49
806	2014.594919	456455	340361      32.61
807	2014.622085	458427	340973.81	32.55
808	2014.649251	456821	338849.31	32.35
809	2014.676417	455203	338018.09	32.07
810	2014.703583	455496	338487.69	31.91
811	2014.730749	457462	340403.69	31.97
812	2014.757915	459238	340094.19	32.21
813	2014.785082	461799	340725.09	32.42
814	2014.812248	461771	340329.59	32.38
815	2014.839414	465705	342572.5	32.19
816	2014.86658	468775	343399.59	32.13
817	2014.893746	474992	345894.5	32.49
818	2014.920912	479333	347903.5	33.25
819	2014.948079	430588	312254.31	34.05
820	2014.975245	400953	289318.09	34.63
821	2015.002411	480615	347164.59	35.01
822	2015.029577	480256	347272.41	35.47
823	2015.056743	477225	344212.19	36.18
824	2015.083909	483777	348814.09	37.07
825	2015.111075	483733	348357.81	37.91
826	2015.138242	479571	346446.41	38.46
827	2015.165408	475346	342967.41	38.69
828	2015.192574	478192	345042.69	38.72
829	2015.21974	471586	339218.91	38.72
830	2015.246906	480463	345936      38.78
831	2015.274072	480858	345897.81	38.85
832	2015.301239	478175	343954.41	38.83
833	2015.328405	473249	340505.91	38.76
834	2015.355571	479450	344907.41	38.82
835	2015.382737	478025	345402.41	39.2
836	2015.409903	475422	343087.91	39.97
837	2015.437069	477649	345750.31	40.97
838	2015.464235	469790	342549.09	41.99
839	2015.491402	469412	344110.59	42.82
840	2015.518568	468089	343287.91	43.43
841	2015.545734	461755	340593.59	43.82
842	2015.5729	462545	341309.09	44.08
843	2015.600066	463893	342477.31	44.33
844	2015.627232	460938	341879.31	44.64
845	2015.654399	454170	337625.91	44.99
846	2015.681565	459534	340534.81	45.31
847	2015.708731	463665	343614.19	45.55
848	2015.735897	460182	341147.09	45.79
849	2015.763063	458036	340294      46.03
850	2015.790229	461886	340445.19	46.2
851	2015.817395	456934	336239.91	46.18
852	2015.844562	466593	341585.69	45.99
853	2015.871728	462852	337866.19	45.7
854	2015.898894	474976	345560.91	45.38
855	2015.92606	476638	345191.81	45
856	2015.953226	477871	344319.5	44.63
857	2015.980392	480681	346961.31	44.5
858	2016.007538	478886	344882.5	44.75
859	2016.03463	476925	342558.5	45.33
860	2016.061722	480386	345438.5	46.01
861	2016.088814	476861	344438.09	46.56
862	2016.115906	481425	347132.69	46.91
863	2016.142997	479171	345120.19	47.11
864	2016.170089	477248	343429.69	47.2
865	2016.197181	477533	344235.69	47.15
866	2016.224273	455818	329633.19	46.86
867	2016.251365	477397	344744.69	46.28
868	2016.278457	477114	343418.41	45.47
869	2016.305549	478169	344045      44.63
870	2016.332641	474459	341277.69	44.05
871	2016.359733	478722	345112.19	43.92
872	2016.386825	478612	345389.19	44.27
873	2016.413917	476509	344062.5	44.9
874	2016.441009	469658	340378.91	45.49
875	2016.468101	473193	343906.91	45.72
876	2016.495193	474528	344815.59	45.46
877	2016.522284	470473	343472.81	44.76
878	2016.549376	466985	342067.81	43.82
879	2016.576468	468475	342720.19	42.91
880	2016.60356	467588	343101.91	42.32
881	2016.630652	462088	340464.59	42.16
882	2016.657744	457989	338910.41	42.28
883	2016.684836	464620	342393.59	42.38
884	2016.711928	464740	342121.69	42.32
885	2016.73902	466099	342596.31	42.21
886	2016.766112	465051	341673.59	42.36
887	2016.793204	469591	343936.19	42.94
888	2016.820296	467317	340722.31	43.85
889	2016.847388	469138	342933.5	44.82
890	2016.87448	472052	343185.31	45.54
891	2016.901571	478495	346453.91	45.8
892	2016.928663	412712	297914.19	45.58
893	2016.955755	480846	346842.09	45.05
894	2016.982847	480430	347839.59	44.41
895	2017.009966	485347	349233.19	43.8
896	2017.037133	482567	347264.31	43.25
897	2017.064299	479200	344826.31	42.78
898	2017.091465	479859	345492.69	42.51
899	2017.118631	478434	344268.5	42.53
900	2017.145797	479643	344784.5	42.85
901	2017.172963	483270	347856      43.41
902	2017.200129	476093	343366.59	44.07
903	2017.227296	476915	343784.59	44.67
904	2017.254462	475783	343274.31	45.07
905	2017.281628	478451	344591.19	45.16
906	2017.308794	475213	341897      45
907	2017.33596	479329	344718.41	44.7
908	2017.363126	483975	348429.41	44.47
909	2017.390293	480876	346277.59	44.45
910	2017.417459	478509	345081      44.65
911	2017.444625	475488	343148.69	44.97
912	2017.471791	477892	345091.59	45.3
913	2017.498957	475148	344423.19	45.61
914	2017.526123	475941	346022.59	45.97
915	2017.553289	469873	343282.19	46.37
916	2017.580456	465825	342386.69	46.77
917	2017.607622	465504	341490.19	47.12
918	2017.634788	463046	341827.31	47.38
919	2017.661954	455695	337208.31	47.55
920	2017.68912	462698	342827      47.57
921	2017.716286	464464	344287.19	47.45
922	2017.743453	462422	342371.31	47.34
923	2017.770619	466066	344496.09	47.43
924	2017.797785	462025	341946      47.85
925	2017.824951	465248	342554.09	48.53
926	2017.852117	469213	344595      49.26
927	2017.879283	476076	346501.59	49.88
928	2017.906449	480311	347545.09	49.93
929	2017.933616	478472	345450.09	49.88
930	2017.960782	482576	348484.91	49.98
931	2017.987948	484683	349239      50.23
932	2018.015114	481896	346911.5	50.57
933	2018.04228	482071	347923.41	50.94
