0.001623	0.588960	-1.432917	-1.477777	-4.368016	-5.232664	-6.027135	-7.473301	-10.727998	-10.502856	-9.615496	-2.564364	8.640978	20.727226	22.792592	0.016132
0.001623	0.353808	-1.947356	-1.483368	-4.847689	-5.391993	-6.095496	-7.794256	-10.674205	-10.502856	-9.619127	-2.590232	8.585848	20.721765	22.907287	0.016132
0.002133	0.753797	-1.672964	-1.488959	-4.343728	-5.220368	-5.874086	-7.467786	-10.648589	-10.496672	-9.610828	-2.569944	8.635465	20.738148	22.890902	0.016132
0.001623	0.847779	-1.575511	-1.494041	-4.648843	-5.222930	-6.154163	-7.725875	-10.759762	-10.493066	-9.611865	-2.546105	8.607900	20.639851	22.885440	0.016132
0.000603	0.775366	-1.834524	-1.499124	-4.613930	-5.225491	-6.268436	-7.718155	-10.760787	-10.492550	-9.608234	-2.553713	8.624439	20.956584	22.956442	0.016132
0.002643	0.433385	-1.650909	-1.505223	-4.692863	-5.236762	-6.090904	-7.883592	-10.715190	-10.491520	-9.607715	-2.559800	8.624439	20.907436	22.989211	0.016132
0.002133	0.625418	-2.142753	-1.510305	-4.796586	-5.278772	-6.406173	-7.956383	-10.761299	-10.495642	-9.606678	-2.536975	8.663030	20.951123	22.972827	0.016132
0.001623	0.809261	-1.522680	-1.515388	-4.537020	-5.407874	-6.165897	-7.704920	-10.385264	-10.496157	-9.610309	-2.566393	8.635465	20.923818	22.923672	0.016132
0.000603	0.254214	-1.265695	-1.520470	-4.274404	-5.048739	-5.807763	-7.372930	-10.701358	-10.495127	-9.607197	-2.551177	8.674056	20.934740	22.950980	0.010507
0.001113	0.203393	-1.958127	-1.525044	-4.581547	-5.524166	-6.035297	-7.875871	-10.751565	-10.495127	-9.607197	-2.536975	8.712647	20.956584	22.912749	0.016132
0.001113	0.966935	-1.089231	-1.530127	-4.538538	-5.541072	-6.046521	-8.137254	-10.745930	-10.489459	-9.602528	-2.533425	8.679569	20.885592	23.082059	0.016132
0.001113	0.407201	-1.919149	-1.534701	-4.894237	-5.399165	-6.187833	-7.985058	-10.764886	-10.493066	-9.607715	-2.555235	8.574822	20.710843	22.830824	0.016132
^40PSI
0.002133	-1.670397	-6.169311	-2.350435	-11.546952	-11.405444	-11.174378	-11.073826	-10.397321	-10.077049	-9.090855	-1.196067	11.240015	24.778257	26.971828	0.021757
0.001623	-1.730373	-6.125741	-2.385496	-11.545941	-11.415688	-11.177949	-11.076032	-10.397321	-10.078595	-9.091892	-1.253400	11.157308	24.619918	26.960905	0.016132
0.002133	-1.993832	-6.134455	-2.427671	-11.549987	-11.420297	-11.197839	-11.078238	-10.400907	-10.085810	-9.104860	-1.276739	11.091142	24.576238	26.955443	0.016132
0.001623	-1.688339	-6.120615	-2.468321	-11.554539	-11.420297	-11.197329	-11.115736	-10.407054	-10.089932	-9.111084	-1.285365	11.135253	24.608998	26.878979	0.016132
0.001623	-2.091722	-6.124203	-2.516085	-11.552010	-11.413127	-11.182539	-11.114633	-10.404492	-10.084264	-9.103304	-1.265577	11.102170	24.614458	26.955443	0.021757
0.001623	-2.213179	-6.122665	-2.556734	-11.551504	-11.433613	-11.175908	-11.114633	-10.427031	-10.115183	-9.135982	-1.306166	11.047032	24.527099	26.873518	0.021757
0.001113	-2.098384	-6.151883	-2.597382	-11.556562	-11.426443	-11.190699	-11.117942	-10.421908	-10.103846	-9.126645	-1.318850	10.936756	24.374219	26.616815	0.021757
0.001623	-1.354076	-5.773586	-2.637523	-11.558585	-11.430540	-11.187129	-11.123456	-10.422933	-10.110030	-9.131832	-1.345233	10.920214	24.576238	26.764283	0.021757
0.001113	-1.510450	-6.136505	-2.677662	-11.556562	-11.435662	-11.177949	-11.122353	-10.424470	-10.110030	-9.127683	-1.343204	10.975352	24.374219	26.655048	0.016132
0.002643	-1.835454	-6.061154	-2.717802	-11.557067	-11.432077	-11.198859	-11.123456	-10.418835	-10.102816	-9.121458	-1.283843	11.102170	24.740037	26.829824	0.021757
0.002133	-2.178844	-6.146245	-2.756924	-11.557067	-11.427467	-11.180499	-11.113530	-10.418323	-10.103331	-9.120421	-1.314284	11.024977	24.472499	26.846209	0.016132
^45PSI
0.002653	-1.979546	-6.000448	-3.472437	-11.224210	-11.076528	-10.806709	-10.710731	-9.937391	-9.566700	-8.466335	0.363044	14.121683	29.199678	31.675782	0.021889
0.001123	-1.701210	-6.052731	-3.506978	-11.230279	-11.076016	-10.834249	-10.720654	-9.943536	-9.578030	-8.477740	0.344259	14.033519	28.970449	31.621192	0.021889
0.002653	-2.222988	-6.027102	-3.541010	-11.227750	-11.075503	-10.819459	-10.719552	-9.944560	-9.580605	-8.478259	0.327505	14.028009	29.085064	31.653946	0.021889
0.002143	-1.856018	-6.055807	-3.575042	-11.234325	-11.086257	-10.825069	-10.721757	-9.951730	-9.585241	-8.484480	0.353906	13.956375	29.008654	31.604814	0.016266
0.002143	-2.089227	-6.042480	-3.609074	-11.235337	-11.089330	-10.823029	-10.727270	-9.953266	-9.586786	-8.490701	0.289934	14.000458	29.035943	31.506551	0.016266
0.001633	-1.792969	-6.027615	-3.642089	-11.236348	-11.083185	-10.833739	-10.729475	-9.955315	-9.590391	-8.490701	0.297550	13.983927	28.954075	31.484714	0.016266
0.002653	-1.709412	-6.057345	-3.676121	-11.239383	-11.087281	-10.823029	-10.733886	-9.960436	-9.591936	-8.495367	0.314812	14.000458	29.095980	31.550223	0.016266
0.002143	-1.778616	-6.024540	-3.709644	-11.239889	-11.093938	-10.827619	-10.738296	-9.964021	-9.595026	-8.497441	0.290442	13.939845	28.834002	31.495632	0.021889
0.001123	-2.287045	-6.035816	-3.742659	-11.240395	-11.092914	-10.828639	-10.730578	-9.961972	-9.597601	-8.498996	0.291458	13.884742	28.768507	31.599355	0.016266
^50PSI
0.002143	-1.139961	-5.828184	-3.556312	-10.921857	-10.774055	-10.520882	-10.349934	-9.535457	-9.107963	-7.899967	1.882916	16.741550	33.278761	36.024541	0.016266
0.002143	-1.211734	-5.821009	-3.590340	-10.924890	-10.768935	-10.519353	-10.356549	-9.537505	-9.114656	-7.904113	1.825533	16.642359	33.186002	36.062734	0.021889
0.002143	-1.215835	-5.848681	-3.624367	-10.935507	-10.783270	-10.530566	-10.371985	-9.549796	-9.125468	-7.922774	1.827564	16.664401	33.153263	35.964523	0.016266
0.000613	-1.683300	-5.805636	-3.657887	-10.934496	-10.784806	-10.525979	-10.363164	-9.547747	-9.127012	-7.917591	1.792017	16.725018	32.973200	35.773555	0.016266
0.001123	-1.572084	-5.806661	-3.690898	-10.936013	-10.785830	-10.521901	-10.365370	-9.551332	-9.132676	-7.924330	1.770182	16.653380	33.055047	35.795380	0.016266
0.001633	-1.019478	-5.813323	-3.724417	-10.936013	-10.788390	-10.526488	-10.374190	-9.557989	-9.136795	-7.927958	1.770182	16.565210	33.005939	35.828118	0.016266
0.001633	-1.326563	-5.831258	-3.757936	-10.946124	-10.789414	-10.544836	-10.383011	-9.567207	-9.145547	-7.943509	1.796080	16.697465	33.022309	35.751730	0.016266
0.002143	-1.671000	-5.779501	-3.790439	-10.944102	-10.797094	-10.530566	-10.370882	-9.570280	-9.156359	-7.954394	1.699599	16.449487	32.842244	35.517110	0.021889
0.001633	-1.504429	-5.789238	-3.823449	-10.942585	-10.784806	-10.538211	-10.376395	-9.560038	-9.141428	-7.938325	1.767643	16.559700	32.853157	35.549848	0.021889
0.001633	-1.066135	-5.814860	-3.855951	-10.945113	-10.793510	-10.532095	-10.379703	-9.568231	-9.146062	-7.945064	1.754948	16.548678	33.005939	35.795380	0.021889
^55PSI