0.001633	-1.205760	-2.855333	-2.420707	-11.448407	-11.317343	-11.070093	-11.008082	-10.281210	-9.948810	-8.931176	-0.795797	11.875992	25.794994	27.965106	0.016398
0.001633	-1.488246	-3.001994	-2.456264	-11.424139	-11.317855	-11.057854	-11.005877	-10.276602	-9.944173	-8.929102	-0.793767	11.826384	25.664039	28.194404	0.010776
0.001123	-1.002709	-2.810719	-2.490805	-11.295721	-11.324511	-11.062954	-11.010287	-10.280186	-9.944688	-8.928066	-0.765855	11.887015	25.762256	28.178025	0.010776
0.002143	-0.879634	-2.879948	-2.525345	-11.458013	-11.314271	-11.049185	-11.006980	-10.275065	-9.937991	-8.921844	-0.782095	11.864968	25.756799	28.128890	0.016398
0.001633	-1.084753	-2.803027	-2.559377	-11.458013	-11.313759	-11.064993	-11.005877	-10.276090	-9.937991	-8.926510	-0.781588	11.848432	25.805907	28.156187	0.016398
0.001633	-0.977069	-2.876358	-2.593917	-11.454474	-11.312735	-11.059894	-11.003672	-10.270969	-9.933355	-8.919252	-0.727793	11.986230	25.936862	28.172566	0.016398
0.002143	-1.249341	-2.735848	-2.627949	-11.458519	-11.311711	-11.061424	-11.002570	-10.279674	-9.942112	-8.922881	-0.779050	11.909063	25.844102	28.303592	0.010776
^45PSI
0.002143	-2.430705	-5.104459	-2.081372	-11.137690	-11.021835	-10.726103	-10.622720	-9.833319	-9.439726	-8.319443	0.799562	14.762873	30.194226	32.752232	0.016266
0.002143	-2.500382	-5.119321	-2.127600	-11.137184	-11.019787	-10.721005	-10.617207	-9.829735	-9.442816	-8.309595	0.792455	14.784916	30.134201	32.828634	0.016266
0.002143	-2.486037	-5.073195	-2.172304	-11.136678	-11.016203	-10.718966	-10.619412	-9.828710	-9.439726	-8.309076	0.808193	14.812471	30.319733	32.910494	0.016266
0.003163	-2.492697	-5.115734	-2.218023	-11.133645	-11.014667	-10.711828	-10.613899	-9.827686	-9.438182	-8.308558	0.830530	14.801449	30.139658	32.839549	0.016266
0.002143	-2.547515	-5.174673	-2.262726	-11.137690	-11.012107	-10.716927	-10.619412	-9.826662	-9.439211	-8.309076	0.831546	14.817981	30.319733	32.954152	0.016266
0.002143	-2.274946	-5.123934	-2.307936	-11.135162	-11.010059	-10.702142	-10.617207	-9.826662	-9.437152	-8.302337	0.843222	14.906155	30.314276	32.981438	0.016266
0.001633	-2.198086	-5.068070	-2.352130	-11.130105	-11.008011	-10.701632	-10.616104	-9.820005	-9.431487	-8.299746	0.844238	14.878601	30.325190	32.943237	0.016266
0.001633	-2.586450	-5.178260	-2.389211	-11.132128	-11.006475	-10.705711	-10.609489	-9.820005	-9.432517	-8.301301	0.824946	14.873090	30.428869	32.943237	0.016266
0.002653	-2.563909	-5.148022	-2.432388	-11.133139	-11.005963	-10.711319	-10.611694	-9.824101	-9.436637	-8.303893	0.838653	14.806960	30.330647	33.074212	0.016266
0.001123	-2.633068	-5.124447	-2.476072	-11.128083	-11.003403	-10.709279	-10.601770	-9.816420	-9.425822	-8.291452	0.856930	14.817981	30.357931	32.905036	0.016266
^50PSI
0.002643	-2.095255	-4.771650	-2.765701	-10.836553	-10.672713	-10.447304	-10.251558	-9.411827	-8.973012	-7.723321	2.356974	17.500153	34.403464	37.230401	0.016132
0.001113	-1.747757	-4.725509	-2.806350	-10.830990	-10.669641	-10.432517	-10.238323	-9.401073	-8.966316	-7.725395	2.340715	17.676467	34.479864	37.415923	0.016132
0.001113	-1.607301	-4.828557	-2.840392	-10.837565	-10.684488	-10.448324	-10.249352	-9.404145	-8.963740	-7.720210	2.311245	17.588310	34.501693	37.470488	0.016132
0.002133	-1.836945	-4.832658	-2.880532	-10.831496	-10.674249	-10.435576	-10.251558	-9.406194	-8.968891	-7.720729	2.378314	17.549741	34.496236	37.312249	0.016132
0.001623	-1.676505	-4.700901	-2.920163	-10.823909	-10.658890	-10.441695	-10.240529	-9.389806	-8.947771	-7.698434	2.420488	17.759114	34.654492	37.503226	0.016132
0.002133	-1.848221	-4.767549	-2.959793	-10.828461	-10.666057	-10.439655	-10.242735	-9.400049	-8.960134	-7.713988	2.352401	17.593820	34.463493	37.388640	0.021757
0.001113	-1.735967	-4.770625	-2.999932	-10.834024	-10.677321	-10.449853	-10.249352	-9.407730	-8.968376	-7.726432	2.329028	17.599329	34.354350	37.252227	0.016132
0.002643	-1.980968	-4.794720	-3.038545	-10.825427	-10.666057	-10.429967	-10.241632	-9.393903	-8.951892	-7.707248	2.352401	17.604839	34.490779	37.323162	0.016132
0.001623	-1.902551	-4.788056	-3.077159	-10.829473	-10.670153	-10.438126	-10.241632	-9.400561	-8.963225	-7.717099	2.350369	17.604839	34.752720	37.563248	0.016132
0.000603	-1.818492	-4.710642	-3.115264	-10.825427	-10.664521	-10.441695	-10.236117	-9.399024	-8.956013	-7.712951	2.339699	17.637898	34.610835	37.268597	0.016132
0.003154	-1.688808	-4.717307	-3.154384	-10.834024	-10.678857	-10.445774	-10.249352	-9.408242	-8.965800	-7.720729	2.366628	17.560761	34.627207	37.377727	0.016132
0.001623	-1.907677	-4.734225	-3.191472	-10.834530	-10.672713	-10.445774	-10.250455	-9.404658	-8.966831	-7.725913	2.376790	17.626879	34.387093	37.328619	0.010507
0.001113	-1.577056	-4.720383	-3.230084	-10.828967	-10.666569	-10.431497	-10.244940	-9.399536	-8.953952	-7.717099	2.326996	17.566271	34.310692	37.295879	0.016132
^55PSI
0.002143	-1.076518	-4.472004	-3.774770	-10.576052	-10.402880	-10.227740	-9.936635	-9.058244	-8.560804	-7.225928	3.619523	19.809163	37.727435	40.942358	0.010776
0.001633	-0.786272	-4.465853	-3.802191	-10.566447	-10.404927	-10.225190	-9.932225	-9.044420	-8.547932	-7.212966	3.636807	19.974401	38.027410	41.089627	0.016398
0.002143	-0.864223	-4.486870	-3.835198	-10.567963	-10.400832	-10.219582	-9.934430	-9.054148	-8.549992	-7.217632	3.646465	19.875259	37.951053	40.936904	0.016398
0.002653	-1.221620	-4.534542	-3.868204	-10.572513	-10.408510	-10.233348	-9.935533	-9.055172	-8.558744	-7.223335	3.609356	19.886275	37.923783	40.898723	0.010776
0.001633	-0.977553	-4.446374	-3.900703	-10.572513	-10.395713	-10.219582	-9.943250	-9.060292	-8.563378	-7.225409	3.630198	19.820179	37.672894	41.144171	0.016398
0.002143	-1.049854	-4.462265	-3.937771	-10.566447	-10.406975	-10.217543	-9.935533	-9.053636	-8.556170	-7.223854	3.595631	19.869751	37.940145	41.002357	0.010776
0.001633	-0.924736	-4.448937	-3.970777	-10.561391	-10.393666	-10.219582	-9.932225	-9.039812	-8.539694	-7.202078	3.699843	19.974401	38.283749	41.231441	0.016398
0.001633	-0.929864	-4.395113	-4.001751	-10.564930	-10.395713	-10.223151	-9.933328	-9.048004	-8.547932	-7.212966	3.699843	19.913814	37.891058	41.035083	0.016398
0.002653	-0.901659	-4.385886	-4.034249	-10.560886	-10.396225	-10.214484	-9.927816	-9.046980	-8.544328	-7.211410	3.662733	19.963385	38.131037	41.215078	0.016398
0.002143	-0.831402	-4.416130	-4.065222	-10.563414	-10.392642	-10.222641	-9.927816	-9.051076	-8.550506	-7.215558	3.684592	19.974401	38.125583	41.291438	0.010776
0.002143	-1.002680	-4.500198	-4.091119	-10.575546	-10.414141	-10.229269	-9.936635	-9.062340	-8.560289	-7.226446	3.618506	19.897290	38.005594	41.002357	0.016398
0.002143	-0.934992	-4.389474	-4.122600	-10.568469	-10.398273	-10.226720	-9.936635	-9.050052	-8.546902	-7.216595	3.662733	19.968893	38.245571	41.209623	0.016398
0.002653	-0.916018	-4.447399	-4.153573	-10.563919	-10.396225	-10.224681	-9.930020	-9.051076	-8.542269	-7.206225	3.679000	19.886275	38.092858	41.225986	0.016398
^60PSI