    1.000000    0.000000
     0.993359    0.001014
     0.982368    0.002802
     0.969897    0.004996
     0.955711    0.007707
     0.939801    0.011019
     0.922598    0.014866
     0.904739    0.019047
     0.886614    0.023373
     0.868296    0.027778
     0.849849    0.032225
     0.831394    0.036664
     0.813042    0.041041
     0.794835    0.045322
     0.776758    0.049485
     0.758795    0.053512
     0.740942    0.057380
     0.723207    0.061065
     0.705579    0.064550
     0.688027    0.067819
     0.670531    0.070857
     0.653132    0.073641
     0.635927    0.076136
     0.618971    0.078307
     0.602161    0.080134
     0.585253    0.081615
     0.567995    0.082808
     0.550302    0.083776
     0.532320    0.084567
     0.514272    0.085177
     0.496252    0.085604
     0.478219    0.085851
     0.460119    0.085929
     0.441966    0.085845
     0.423829    0.085602
     0.405746    0.085192
     0.387700    0.084607
     0.369644    0.083846
     0.351559    0.082915
     0.333465    0.081820
     0.315401    0.080559
     0.297391    0.079130
     0.279442    0.077529
     0.261556    0.075750
     0.243738    0.073785
     0.225995    0.071630
     0.208338    0.069278
     0.190784    0.066724
     0.173362    0.063959
     0.156126    0.060971
     0.139162    0.057759
     0.122556    0.054319
     0.106346    0.050636
     0.090516    0.046688
     0.075332    0.042547
     0.061762    0.038516
     0.050087    0.034671
     0.039790    0.030875
     0.030933    0.027296
     0.023885    0.024252
     0.018428    0.021736
     0.014154    0.019493
     0.010714    0.017364
     0.007887    0.015289
     0.005552    0.013257
     0.003664    0.011195
     0.002210    0.009050
     0.001146    0.006896
     0.000429    0.004770
     0.000035    0.002683
    -0.000043    0.000635
     0.000211   -0.001385
     0.000798   -0.003398
     0.001723   -0.005419
     0.003010   -0.007452
     0.004698   -0.009476
     0.006820   -0.011424
     0.009398   -0.013257
     0.012501   -0.015052
     0.016260   -0.016832
     0.020916   -0.018644
     0.026880   -0.020637
     0.034630   -0.023061
     0.044343   -0.025898
     0.055547   -0.028844
     0.068370   -0.031811
     0.083277   -0.034918
     0.099487   -0.038013
     0.116098   -0.040880
     0.133076   -0.043524
     0.150445   -0.045974
     0.168115   -0.048244
     0.185952   -0.050332
     0.203875   -0.052241
     0.221872   -0.053983
     0.239951   -0.055567
     0.258113   -0.057004
     0.276344   -0.058300
     0.294624   -0.059460
     0.312936   -0.060490
     0.331261   -0.061389
     0.349586   -0.062157
     0.367902   -0.062792
     0.386211   -0.063293
     0.404526   -0.063659
     0.422872   -0.063892
     0.441252   -0.063995
     0.459632   -0.063974
     0.477955   -0.063827
     0.496216   -0.063546
     0.514467   -0.063121
     0.532745   -0.062548
     0.550942   -0.061829
     0.568822   -0.060962
     0.586254   -0.059893
     0.603353   -0.058553
     0.620396   -0.056890
     0.637628   -0.054913
     0.655134   -0.052649
     0.672842   -0.050137
     0.690660   -0.047409
     0.708565   -0.044491
     0.726592   -0.041401
     0.744778   -0.038161
     0.763139   -0.034796
     0.781659   -0.031333
     0.800260   -0.027810
     0.818806   -0.024282
     0.837200   -0.020809
     0.855455   -0.017432
     0.873648   -0.014164
     0.891734   -0.011022
     0.909485   -0.008053
     0.926545   -0.005413
     0.942539   -0.003293
     0.957211   -0.001775
     0.970490   -0.000802
     0.982471   -0.000252
     0.993316   -0.000019
     1.000000    0.000000
