Sat1.A1ModJulian          Sat1.Earth.RadApo         Sat1.Earth.RadPer         Sat1.Earth.SMA            Sat1.Earth.SemilatusRectum   Sat1.Earth.Energy         Sat1.Earth.OrbitPeriod    Sat1.EarthMJ2000Eq.VX     Sat1.EarthMJ2000Eq.VY     Sat1.EarthMJ2000Eq.VZ     Sat1.EarthMJ2000Eq.X      Sat1.EarthMJ2000Eq.Y      Sat1.EarthMJ2000Eq.Z      Sat1.ElapsedSecs          
29124.50042865025         95672.0000000001          23918                     59795.00000000005         38268.8                      -3.333058295007941        145515.1750192551         0                         5.163764746777641         0                         23918                     0                         0                         0                         
29124.50112309469         95672.00000000042         23918                     59795.00000000021         38268.80000000002            -3.333058295007932        145515.1750192556         -0.0418040201721593       5.16349399092458          0                         23916.74584870682         309.8204695684488         0                         59.99999988125637         
29124.50313026341         95672.00000000029         23918                     59795.00000000015         38268.80000000002            -3.333058295007936        145515.1750192554         -0.1625187390615428       5.159670198374479         0                         23899.02546711603         1205.00406099127          0                         233.4193770890124         
29124.50900318805         95672.00000000522         23917.99999999991         59795.00000000257         38268.80000000029            -3.333058295007801        145515.1750192643         -0.5123763790869049       5.122832596263776         0                         23727.5006739301          3815.381451877366         0                         740.8400657703169         
29124.51569159682         95672.00000001589         23917.99999999983         59795.00000000786         38268.80000000106            -3.333058295007506        145515.1750192835         -0.8977202589109325       5.036396539462499         0                         23319.18205316463         6752.969377263957         0                         1318.718583660666         
29124.52260037117         95672.0000000171          23918.00000000021         59795.00000000866         38268.80000000164            -3.333058295007461        145515.1750192865         -1.27193710987558         4.90255121715896          0                         22670.2149997404          9721.420168649038         0                         1915.636687225197         
29124.52976214674         95672.00000000423         23918.00000000117         59795.0000000027          38268.80000000184            -3.333058295007794        145515.1750192647         -1.626315569351697        4.724046053181828         0                         21771.6052279684          12701.63051630139         0                         2534.414096572436         
29124.53728730911         95671.99999997548         23918.00000000282         59794.99999998915         38268.80000000165            -3.333058295008549        145515.1750192153         -1.956245741150746        4.503298955616559         0                         20604.50873753277         15702.86487455134         0                         3184.588126069866         
29124.54526299935         95671.99999993115         23918.0000000051          59794.99999996812         38268.800000001              -3.333058295009721        145515.1750191385         -2.255887495918191        4.244393317589275         0                         19150.25295941444         18718.00770151422         0                         3873.687762301415         
29124.55308949008         95671.99999990707         23918.00000000624         59794.99999995665         38268.80000000056            -3.33305829501036         145515.1750190966         -2.500678525346789        3.976611300865608         0                         17539.36125157585         21498.04643241471         0                         4549.89656182006          
29124.56087475389         95671.99999989443         23918.00000000682         59794.99999995063         38268.8000000003             -3.333058295010696        145515.1750190746         -2.699021397545668        3.705900595347385         0                         15788.17516405965         24081.88298640225         0                         5222.543354344089         
29124.56881769514         95671.99999988747         23918.00000000715         59794.99999994731         38268.80000000014            -3.333058295010881        145515.1750190625         -2.859716536776746        3.432349112013746         0                         13878.52149472093         26530.94924242902         0                         5908.813478727825         
29124.57706591483         95671.99999988318         23918.00000000731         59794.99999994524         38268.80000000002            -3.333058295010996        145515.175019055          -2.987828526678309        3.156529752645231         0                         11792.7389475552          28878.09427143248         0                         6621.45966013195          
29124.58657610022         95671.99999987822         23918.00000000749         59794.99999994285         38268.79999999985            -3.33305829501113         145515.1750190463         -3.094286066468086        2.853581835573749         0                         9291.213046369376         31346.0637931817          0                         7443.139677622821         
29124.59591354791         95671.99999987789         23918.00000000748         59794.99999994269         38268.79999999979            -3.333058295011138        145515.1750190457         -3.163624423675112        2.574602721555501         0                         6764.817645393231         33534.38748886904         0                         8249.895157653373         
29124.6066434059          95671.99999988041         23918.00000000732         59794.99999994387         38268.79999999982            -3.333058295011073        145515.17501905           -3.209227423409128        2.277976586108212         0                         3808.322782639935         35781.71314523002         0                         9176.954887958709         
29124.61825101718         95671.99999988596         23918.00000000709         59794.99999994653         38268.79999999994            -3.333058295010924        145515.1750190597         -3.226977382928164        1.985647356356096         0                         578.5224333732765         37917.27339656133         0                         10179.85250309575         
29124.63083317951         95671.99999989335         23918.00000000676         59794.99999995005         38268.80000000011            -3.333058295010728        145515.1750190725         -3.218710315835102        1.700379844401514         0                         -2927.232064832404        39917.95440063362         0                         11266.95132837631         
29124.6445561434          95671.99999990228         23918.00000000637         59794.99999995432         38268.80000000034            -3.33305829501049         145515.1750190881         -3.186297610924675        1.423269785539722         0                         -6726.338465074685        41766.44361838574         0                         12452.61540811043         
29124.65961302704         95671.99999991238         23918.00000000596         59794.99999995917         38268.80000000063            -3.33305829501022         145515.1750191058         -3.131372715788014        1.15518704494654          0                         -10837.50333692293        43439.82049213701         0                         13753.53015490109         
29124.67622065972         95671.99999992334         23918.00000000554         59794.99999996444         38268.80000000094            -3.333058295009926        145515.1750191251         -3.055381940569127        0.8969655961772182        0                         -15277.71378009729        44907.80908290004         0                         15188.42961802147         
29124.69461321529         95671.99999993472         23918.00000000512         59794.99999996992         38268.80000000131            -3.333058295009621        145515.1750191451         -2.959685744351437        0.6495289312207515        0                         -20058.24204197538        46131.69962037319         0                         16777.54641976207         
29124.71501514414         95671.99999994601         23918.00000000476         59794.99999997539         38268.80000000176            -3.333058295009316        145515.175019165          -2.845775682445783        0.4141214210408045        0                         -25175.78230000574        47063.70807140187         0                         18540.27307211654         
29124.73760013978         95671.9999999563          23918.00000000446         59794.99999998038         38268.80000000219            -3.333058295009037        145515.1750191833         -2.715548273960072        0.192392071523627         0                         -30602.17451422324        47649.50864697928         0                         20491.61669514142         
29124.76246453158         95671.99999996487         23918.00000000428         59794.99999998458         38268.80000000266            -3.333058295008803        145515.1750191986         -2.571400128957174        -0.01389807962320058      0                         -36280.97092235191        47834.9083075723          0                         22639.90014715819         
29124.7896625611          95671.99999997135         23918.00000000418         59794.99999998777         38268.80000000308            -3.333058295008626        145515.1750192102         -2.415853520550829        -0.2035552615618171       0                         -42140.12523757306        47572.86814816741         0                         24989.80989722768         
29124.81927153405         95671.99999997595         23918.00000000417         59794.99999999006         38268.80000000342            -3.333058295008498        145515.1750192186         -2.251013252146349        -0.3763239399593205       0                         -48108.42300568732        46824.50173147651         0                         27548.02516034106         
29124.85052153405         95671.99999997845         23918.00000000419         59794.99999999133         38268.80000000368            -3.333058295008427        145515.1750192232         -2.083081748772884        -0.5286597401857153       0                         -53958.00861809926        45596.62550564948         0                         30248.02516034106         
29124.88177153405         95671.99999997937         23918.00000000427         59794.99999999181         38268.80000000379            -3.3330582950084          145515.175019225          -1.921551360933994        -0.6565493726174555       0                         -59362.83807955541        43991.68964935813         0                         32948.02516034106         
29124.91302153405         95671.99999997973         23918.00000000429         59794.999999992           38268.80000000385            -3.33305829500839         145515.1750192257         -1.766181590334793        -0.7647749520945644       0                         -64339.93622861142        42068.92087033125         0                         35648.02516034106         
29124.94427153405         95671.99999997986         23918.00000000429         59794.99999999208         38268.80000000387            -3.333058295008386        145515.175019226          -1.61652844015684         -0.8569093568973291       0                         -68905.36581877781        39876.36152979502         0                         38348.02516034106         
29124.97552153405         95671.99999997995         23918.0000000043          59794.99999999213         38268.8000000039             -3.333058295008383        145515.1750192262         -1.472068000993903        -0.9356646417054288       0                         -73073.86366851488        37453.63305823936         0                         41048.02516034106         
29125.00677153405         95671.99999997999         23918.00000000431         59794.99999999216         38268.80000000391            -3.333058295008381        145515.1750192262         -1.332258703926584        -1.003127965856891        0                         -76858.71861409572        34833.92153110399         0                         43748.02516034106         
29125.03802153405         95671.99999998005         23918.00000000434         59794.99999999219         38268.80000000395            -3.333058295008379        145515.1750192264         -1.196571702064322        -1.060924259464765        0                         -80271.76991567441        32045.4320401937          0                         46448.02516034106         
29125.06927153405         95671.99999998005         23918.00000000434         59794.99999999219         38268.80000000396            -3.333058295008379        145515.1750192264         -1.064504481477041        -1.110330312886485        0                         -83323.46266009874        29112.47381904949         0                         49148.02516034106         
29125.10052153405         95671.99999998005         23918.00000000433         59794.99999999219         38268.80000000396            -3.333058295008379        145515.1750192264         -0.9355856200421794       -1.152356051873662        0                         -86022.92669436258        26056.28444374966         0                         51848.02516034106         
29125.13177153405         95671.99999998008         23918.00000000437         59794.99999999222         38268.80000000398            -3.333058295008378        145515.1750192265         -0.8093749175563855       -1.187803227721872        0                         -88378.06147769098        22895.66692575401         0                         54548.02516034106         
29125.16302153405         95671.99999998006         23918.00000000432         59794.99999999219         38268.80000000396            -3.333058295008379        145515.1750192264         -0.6854611726369758       -1.217308269790148        0                         -90395.61773995275        19647.49094976532         0                         57248.02516034106         
29125.19427153405         95671.99999998011         23918.00000000432         59794.99999999221         38268.80000000395            -3.333058295008378        145515.1750192264         -0.5634588341089517       -1.241373819108837        0                         -92081.27142037415        16327.09451875919         0                         59948.02516034106         
29125.22552153405         95671.99999998011         23918.00000000434         59794.99999999223         38268.80000000396            -3.333058295008377        145515.1750192265         -0.443004181610371        -1.260392009210838        0                         -93439.68782537055        12948.61216508076         0                         62648.02516034106         
29125.25677153405         95671.99999998012         23918.00000000434         59794.99999999224         38268.80000000398            -3.333058295008377        145515.1750192265         -0.3237513729819286       -1.27466159507692         0                         -94474.57524231027        9525.248997255969         0                         65348.02516034106         
29125.28802153405         95671.99999998011         23918.00000000434         59794.99999999223         38268.80000000396            -3.333058295008377        145515.1750192265         -0.2053685190413414       -1.284400375811204        0                         -95188.7278955467         6069.515119561345         0                         68048.02516034106         
29125.31927153405         95671.99999998011         23918.00000000431         59794.99999999221         38268.80000000396            -3.333058295008378        145515.1750192264         -0.08753384732856506      -1.289753900371292        0                         -95584.05841812615        2593.431709750814         0                         70748.02516034106         
29125.35052153405         95671.99999998012         23918.00000000433         59794.99999999222         38268.80000000396            -3.333058295008378        145515.1750192265         0.03006803872266514       -1.290801117328076        0                         -95661.62009713016        -891.2821648128154        0                         73448.02516034106         
29125.38177153405         95671.99999998012         23918.00000000434         59794.99999999224         38268.80000000398            -3.333058295008377        145515.1750192265         0.1477498287777539        -1.287557382341571        0                         -95421.61912325071        -4373.0343490203          0                         76148.02516034106         
29125.41302153405         95671.99999998015         23918.00000000435         59794.99999999225         38268.80000000398            -3.333058295008376        145515.1750192266         0.2658251415834051        -1.279975038424634        0                         -94863.41698835306        -7840.189217094225        0                         78848.02516034106         
29125.44427153405         95671.99999998015         23918.00000000434         59794.99999999224         38268.80000000398            -3.333058295008376        145515.1750192266         0.3846121724427773        -1.267941610068439        0                         -93985.52306047542        -11280.89564470534        0                         81548.02516034106         
29125.47552153405         95671.99999998017         23918.00000000433         59794.99999999224         38268.80000000398            -3.333058295008376        145515.1750192266         0.5044373947891327        -1.25127548295            0                         -92785.57724644366        -14682.90675930533        0                         84248.02516034106         
29125.50677153405         95671.99999998015         23918.00000000433         59794.99999999224         38268.80000000396            -3.333058295008377        145515.1750192265         0.6256393483254243        -1.229718757022076        0                         -91260.32254881342        -18033.38430274834        0                         86948.02516034106         
29125.53802153405         95671.99999998015         23918.00000000435         59794.99999999225         38268.80000000396            -3.333058295008376        145515.1750192266         0.7485725243033441        -1.202926740691383        0                         -89405.56726245883        -21318.67931112213        0                         89648.02516034106         
29125.56927153405         95671.99999998014         23918.00000000432         59794.99999999223         38268.80000000396            -3.333058295008377        145515.1750192265         0.8736113173496068        -1.170453269827506        0                         -87216.13657757999        -24524.07901431682        0                         92348.02516034106         
29125.60052153405         95671.99999998015         23918.00000000434         59794.99999999224         38268.80000000396            -3.333058295008376        145515.1750192266         1.001153938771645         -1.131730648657095        0                         -84685.81352929735        -27633.50716055945        0                         95048.02516034106         
29125.63177153405         95671.99999998015         23918.00000000437         59794.99999999226         38268.80000000399            -3.333058295008375        145515.1750192266         1.131626053017688         -1.086042462462384        0                         -81807.26968027897        -30629.16102904339        0                         97748.02516034106         
29125.66302153405         95671.99999998018         23918.00000000437         59794.99999999227         38268.800000004              -3.333058295008374        145515.1750192267         1.265483660634639         -1.032486715455522        0                         -78571.98685698076        -33491.06266247708        0                         100448.0251603411         
29125.66677947088         95671.99999998021         23918.00000000438         59794.99999999229         38268.80000000402            -3.333058295008374        145515.1750192268         1.281831492860955         -1.02546519171265         0                         -78158.44992792752        -33825.16002735748        0                         100772.7109023719         
