0.19159741699695587 10667 65535 65535 65535
0.16925188899040222 30033 65535 65535 65535
0.00980793870985508 65535 65535 57082 65535
-0.26226532459259033 40449 64319 65535 65535
-0.299407958984375 24976 39068 910 25090
0.30081817507743835 0 40509 44079 52431
0.26309674978256226 60140 65535 65535 64042
0.20307518541812897 36602 43998 42714 44434
0.17125965654850006 41212 52926 51210 47740
0.12025424838066101 46647 65535 65535 54729
0.13268007338047028 43007 50999 49381 55405
0.17481012642383575 56037 65535 65535 64533
0.21963518857955933 64220 58642 45744 60494
0.2736387848854065 50518 59084 46864 47062
0.3245738446712494 38891 42659 44909 48317
0.3806929290294647 41926 49338 50320 49312
0.4416939914226532 40444 49032 44242 40778
0.5059253573417664 43067 47683 48763 49407
0.567918062210083 39307 45865 42457 41103
0.6274105310440063 39554 50616 51010 45836
0.6817342638969421 41490 43454 41386 44174
0.7278021574020386 45581 43963 40459 47945
0.7721107602119446 39928 41726 41100 44318
0.8009161353111267 36590 37606 47698 50786
0.8238322734832764 34448 42648 43002 39434
0.8327764272689819 36653 43055 44255 42385
0.8347342610359192 35774 37760 39728 41890
0.8333704471588135 38940 45628 46942 44866
0.8236892223358154 34793 41067 38131 36857
0.8123167753219604 38237 47249 50075 46603
0.7956885695457458 35321 37111 41093 45591
0.7731963396072388 39048 41026 45752 48126
0.7528344392776489 37719 44985 42863 40529
0.7343378067016602 41554 44796 48010 50916
0.7160202860832214 40478 47554 41600 40516
0.6941859126091003 37731 48951 48155 43855
0.6765173077583313 38062 43410 43626 46106
0.6643169522285461 39983 50717 51001 47859
0.6534123420715332 40008 47012 43128 44452
0.6496894955635071 41927 52597 53781 51123
0.6466392278671265 41753 42463 40893 47471
0.644052267074585 41018 47810 49876 50300
0.644455075263977 37364 40782 42224 45766
0.6534746289253235 42856 53630 51934 48328
0.6633479595184326 43050 45370 42184 45768
0.6733400821685791 42460 49310 48420 47610
0.6880429983139038 37586 45976 46964 44998
0.7053699493408203 42562 47052 50734 52980
0.7243879437446594 39908 40646 42650 47344
0.7377439141273499 44270 46642 44736 48132
0.758400559425354 38370 43342 45642 47210
0.7792872190475464 42196 43588 50182 55086
0.7977616786956787 40624 40118 39844 46750
0.8206447958946228 42658 54336 50086 45736
0.8353596925735474 37769 32399 35073 46279
0.8537480235099792 41135 51805 51483 46973
0.8696195483207703 38275 41319 40969 42941
0.8834952712059021 40639 47183 48129 47085
0.8977118730545044 38596 42162 41838 44152
0.9100133180618286 40675 47685 50537 50115
0.9201259613037109 37207 36967 39527 44815
0.932555079460144 39875 50881 52565 47511
0.93833988904953 35177 41823 39239 40329
0.9557947516441345 41379 55083 55773 48957
0.9618946313858032 37987 42961 39829 38235
0.9657119512557983 41866 45092 47474 47516
0.9723392724990845 39193 44291 44023 41689
0.9775089025497437 41140 46640 48522 46234
0.9877026677131653 38956 43120 46262 46306
0.9973725080490112 41577 47341 50551 48231
1.002431035041809 43275 38301 37145 44827
1.011676549911499 43356 50574 50892 46638
1.0230813026428223 43114 47946 50516 49888
1.0286871194839478 43129 44823 45713 48363
1.0340344905853271 45141 46671 46049 49275
1.0383262634277344 43594 47552 46392 47562
1.0460466146469116 41250 49604 49624 46586
1.0471727848052979 43252 43356 47018 49838
1.0516383647918701 45175 46607 49035 50931
1.0472720861434937 47220 38954 38344 47882
1.0503119230270386 41294 50362 52912 45644
1.044244408607483 37099 45119 46883 41839
1.0371568202972412 45574 43306 43302 48514
1.0342695713043213 42755 47715 49237 46585
1.0371205806732178 47328 52654 48408 46706
1.0379046201705933 43778 45582 47710 49506
1.0344349145889282 43685 42837 44117 47613
1.0316468477249146 42244 48402 47456 44990
1.0291364192962646 41134 47990 47416 44512
1.0257270336151123 40608 42130 48706 50636
1.028600811958313 42721 56435 53519 44221
1.0308723449707031 43921 45885 49857 51813
1.0311899185180664 41558 44614 48240 49728
1.0247746706008911 41105 44077 44379 45303
1.0235947370529175 41580 50434 50354 47184
1.0231651067733765 41457 44097 47415 49739
1.0262235403060913 41709 51749 53011 47871
1.0256692171096802 44943 42173 44921 51795
1.02678382396698 40605 46547 49933 48203
1.0281404256820679 44517 45367 47971 51021
1.0256829261779785 39399 46211 48331 44107
1.0240113735198975 42569 43889 47577 49833
1.0238333940505981 43082 41354 47052 51812
1.018088459968567 39484 42172 44280 45044
1.026537537574768 42959 56709 58319 47933
1.0251076221466064 41843 40977 43783 48585
1.0254684686660767 43219 49569 48393 46035
1.0200074911117554 43080 45936 45114 45898
1.0189238786697388 42916 45838 47400 48490
1.0165369510650635 40879 43351 46615 48015
1.0189818143844604 35776 48906 56042 47016
1.0204309225082397 41889 44523 49519 51745
1.0180927515029907 43245 41297 44349 51021
1.0157732963562012 44247 50861 44479 41717
1.0157437324523926 46193 47805 44915 48623
1.011978268623352 43032 42714 42370 47600
1.0154505968093872 44268 50202 50458 50712
1.021592378616333 45038 50536 51806 52848
1.0167673826217651 40843 45985 43495 43745
1.0148825645446777 41808 48590 46274 46096
