0.06638546288013458 47235 41465 45811 55877
0.06886862218379974 40080 41814 49318 55248
0.07771666347980499 41806 48184 48264 48810
0.11418233066797256 39997 44587 46051 43837
0.12364423274993896 42456 45984 48624 48844
0.12862271070480347 43453 46229 51081 49469
0.11778584867715836 49484 47834 49076 55418
0.11113879084587097 46372 47982 52780 55582
0.12718023359775543 42947 46201 51473 55179
0.1707843840122223 43134 36952 43758 54416
0.21057933568954468 48800 30906 37978 57004
0.23232609033584595 45030 45026 44226 45154
0.26321232318878174 41268 45686 48442 45640
0.26684844493865967 43204 49326 50302 46424
0.2826139032840729 43143 47355 52101 47865
0.2991546392440796 40765 53321 49631 42727
0.31505897641181946 40962 48032 51512 47318
0.33402714133262634 39868 35534 50874 57628
0.35326164960861206 38471 42869 51709 51095
0.37611231207847595 45186 49550 43438 42822
0.39884713292121887 43518 44002 45554 48498
0.41906821727752686 40158 46752 46506 46520
0.4386807382106781 40135 42473 48057 51315
0.4547353982925415 41659 44719 47255 49159
0.47167107462882996 43534 44178 43906 49506
0.4899297058582306 41016 49806 45570 45052
0.5075700283050537 41864 43386 44108 51374
0.5212199091911316 42207 43175 43905 51617
0.5347708463668823 41127 45757 45565 51251
0.5437024831771851 42096 45646 44508 51582
0.5540735721588135 47118 53944 40012 44466
0.5664238333702087 43878 54274 41266 44006
0.577786922454834 45398 48382 41804 50140
0.5899897217750549 41706 47542 45228 48900
0.6036862730979919 43732 42020 44814 53046
0.6189728379249573 41782 43080 45216 50710
0.6362102031707764 41107 47659 45711 46595
0.6551707983016968 41919 44029 43561 48635
0.6705077290534973 41113 46477 45399 47939
0.6834380030632019 44651 48333 41979 46005
0.6958332061767578 44931 47775 42589 47909
0.7083303928375244 46405 40977 40933 53249
0.7191881537437439 39173 45353 48023 51039
0.7304261922836304 39554 49708 47220 45034
0.7395170331001282 44960 48764 43060 47280
0.7500470280647278 43010 47458 43610 47826
0.7630373239517212 42265 48991 44923 45749
0.7747136354446411 42592 44622 43516 50046
0.7865241169929504 42273 39445 46593 54333
0.7981042861938477 41274 41324 47944 50614
0.8128361105918884 44033 43319 43737 49503
0.8290644288063049 44586 45894 42010 45358
0.8405429124832153 43626 46482 44586 46306
0.8496589660644531 43086 44408 44572 47990
0.860647439956665 41600 43880 47424 49328
0.8730219602584839 43917 41083 44059 50781
0.8805443644523621 42585 44777 45915 50043
0.8925071954727173 41909 42863 45497 50395
0.8997732400894165 42218 43056 46380 51986
0.9090774655342102 42116 45408 45876 48392
0.9215716123580933 46688 44158 40964 49818
0.9362894296646118 40744 42518 45812 49142
0.9484044313430786 44450 48396 42850 44836
0.9610593318939209 40032 44362 46624 47850
0.9716173410415649 42007 43229 46579 50153
0.9821279644966125 40679 43523 47243 49135
0.9883797764778137 41156 44990 48684 49798
0.9997094869613647 40302 44224 47666 48760
1.0104420185089111 40157 44961 48061 48645
1.023964762687683 42789 46541 45471 46963
1.0361151695251465 42245 41063 45899 51025
1.0493186712265015 42234 46920 43506 45320
1.0548852682113647 41031 45355 45757 47337
1.063856601715088 39958 45686 44078 49162
1.0721782445907593 44205 43535 40505 49527
1.0747463703155518 47436 45744 38484 48384
1.078216314315796 42255 38987 43803 55727
1.0736980438232422 40012 45156 47670 50550
1.0729695558547974 43997 46945 44411 47591
1.0778104066848755 40573 43079 46395 49565
1.0835251808166504 46464 38206 39944 52830
1.0833992958068848 46472 47226 41052 45098
1.085782527923584 39809 47469 47593 44289
1.0859918594360352 42263 47037 45109 45019
1.0866039991378784 42832 44492 44360 47752
1.0900107622146606 39586 45524 46736 46022
1.0907741785049438 41827 47497 44649 43903
1.090223789215088 41961 44817 45095 47095
1.0830599069595337 43821 44379 45155 49169
1.0800179243087769 39835 51501 48947 42321
1.0678843259811401 42869 49945 47517 45089
1.061542272567749 43540 47612 46562 47234
1.0700395107269287 42925 40933 43997 50085
1.0738126039505005 45802 41832 40000 48678
1.07210111618042 39770 42598 47192 50088
1.0673387050628662 43425 45661 45265 48741
1.0706030130386353 42556 41872 45016 51868
1.0689632892608643 40726 47192 46166 46852
1.0641347169876099 45115 47121 42405 48403
1.0559020042419434 42015 45095 47205 51457
1.0480742454528809 44978 40040 44268 57414
1.0468884706497192 47096 46334 40194 50416
1.045662522315979 36789 43845 49869 52369
1.044822096824646 40578 44166 45416 53008
1.0505555868148804 42224 40762 45580 52090
1.0529335737228394 44591 41969 41279 52485
1.0507009029388428 41324 49148 45268 46608
1.0451332330703735 42896 49096 45156 47544
1.0437349081039429 40639 43443 47687 52311
1.0420300960540771 41461 46885 46069 49297
1.0445303916931152 41794 44008 44632 51030
1.050101637840271 40506 43102 44784 50628
1.0576369762420654 41664 47458 41600 46926
1.0609931945800781 43677 43863 40831 50261
1.0583882331848145 41437 47997 44349 48037
1.052876353263855 38418 52434 49018 44674
1.0446751117706299 41556 46916 46202 51558
1.0430142879486084 40822 46366 45890 51206
1.041172742843628 46213 34781 40367 62219
1.0314688682556152 45320 43012 44060 55104
