46.37900000 82.53691115
113.27941229 12.47856811
46.37900000 82.53691115
468.70156251 9.83894330
44.91800000 55.76896580
468.70156251 9.83894330
113.27941229 12.47856811
46.37900000 82.53691115
23.76800000 30.51146839
382.22756251 10.72957973
40.96400000 67.99413980
113.27941229 12.47856811
44.91800000 55.76896580
247.87056251 12.73169084
27.45600000 46.73237529
22.80600000 20.57347436
225.17556251 12.30885180
29.72500000 38.98731758
247.87056251 12.73169084
23.76800000 30.51146839
26.32400000 13.24500646
252.37956251 13.03022232
23.44900000 26.89394605
247.87056251 12.73169084
22.80600000 20.57347436
122.61200000 12.96962866
22.34100000 16.84198986
122.61200000 12.96962866
23.17200000 24.09847212
26.32400000 13.24500646
22.80600000 20.57347436
22.07000000 14.44492945
41.70400000 13.10196669
22.58600000 18.62749954
26.32400000 13.24500646
22.34100000 16.84198986
22.59800000 13.32105831
31.84200000 13.17202278
22.20900000 15.72062952
26.32400000 13.24500646
22.07000000 14.44492945
24.30100000 13.28263271
21.99800000 13.75148894
24.30100000 13.28263271
22.14000000 15.10177049
22.59800000 13.32105831
22.07000000 14.44492945
21.96200000 13.39168223
23.41300000 13.30174356
22.03400000 14.10267332
22.59800000 13.32105831
21.99800000 13.75148894
22.21600000 13.33077785
21.98000000 13.57262833
22.03100000 13.33566824
21.97100000 13.48241328
21.95700000 13.34612084
22.12300000 13.33321206
21.96600000 13.43711324
22.03100000 13.33566824
21.96200000 13.39168223
21.98500000 13.33689637
21.95900000 13.36891780
21.96200000 13.33751045
22.00800000 13.33628230
21.95800000 13.35752338
21.98500000 13.33689637
21.95700000 13.34612084
21.97300000 13.33720341
21.95600000 13.34041652
21.97300000 13.33720341
21.95800000 13.35182312
21.96200000 13.33751045
21.95700000 13.34612084
21.95600000 13.33766397
21.96800000 13.33735693
21.95700000 13.34326893
21.96200000 13.33751045
21.95600000 13.34041652
21.95900000 13.33758721
21.95600000 13.33899013
21.95800000 13.33762559
21.95600000 13.33827689
