   9.9999960e-01
   3.3442400e-01
   3.1317140e-01
   3.0088990e-01
   2.9407480e-01
   2.9082190e-01
   2.8989690e-01
   2.9037460e-01
   2.9177960e-01
   2.9362310e-01
   2.9543100e-01
   2.9678050e-01
   2.9736800e-01
   2.9697820e-01
   2.9553010e-01
   2.9311260e-01
   2.8989160e-01
   2.8594270e-01
   2.8116200e-01
   2.7547500e-01
   2.6900130e-01
   2.6170180e-01
   2.5363470e-01
   2.4495370e-01
   2.3564420e-01
   2.2569700e-01
   2.1516510e-01
   2.0408890e-01
   1.9248290e-01
   1.8037210e-01
   1.6758970e-01
   1.5396120e-01
   1.3934650e-01
   1.2381510e-01
   1.0750370e-01
   9.0486470e-02
   7.2819290e-02
   5.4514710e-02
   3.5587370e-02
   1.6158580e-02
  -3.7928820e-03
  -2.4293300e-02
  -4.5334820e-02
  -6.6979770e-02
  -8.9189890e-02
  -1.1176530e-01
  -1.3455860e-01
  -1.5728630e-01
  -1.7923500e-01
  -1.9973300e-01
  -2.1818760e-01
  -2.3398110e-01
  -2.4654320e-01
  -2.5539300e-01
  -2.6023720e-01
  -2.6087810e-01
  -2.5749650e-01
  -2.5060010e-01
  -2.4067590e-01
  -2.2860470e-01
  -2.1556250e-01
  -2.0236190e-01
  -1.8961550e-01
  -1.7754410e-01
  -1.6584170e-01
  -1.5442880e-01
  -1.4318040e-01
  -1.3161440e-01
  -1.1965370e-01
  -1.0727130e-01
  -9.4361070e-02
  -8.0852270e-02
  -6.6450830e-02
  -5.0853250e-02
  -3.4045340e-02
  -1.5993240e-02
   3.5021900e-03
   2.4987340e-02
   4.9055160e-02
   7.6347650e-02
   1.0760130e-01
   1.4401040e-01
   1.8678870e-01
   2.3734430e-01
   2.9743130e-01
   3.6982950e-01
   4.5737980e-01
   5.6266310e-01
   6.8688680e-01
   8.2236150e-01
   9.4331260e-01
   9.9979020e-01
   9.5328250e-01
   8.3261540e-01
   6.7456070e-01
   4.7376830e-01
   2.1354900e-01
  -9.4286080e-02
  -3.5972210e-01
  -5.2902250e-01
  -6.1393080e-01
  -6.4749240e-01
  -6.5070770e-01
  -6.3830160e-01
  -6.1978470e-01
  -6.0031040e-01
  -5.8207690e-01
  -5.6674390e-01
  -5.5428160e-01
  -5.4407500e-01
  -5.3545900e-01
  -5.2801040e-01
  -5.2159940e-01
  -5.1607080e-01
  -5.1120480e-01
  -5.0692810e-01
  -5.0329590e-01
  -5.0014070e-01
  -4.9728660e-01
  -4.9452460e-01
  -4.9163640e-01
  -4.8893260e-01
  -4.8644700e-01
  -4.8409680e-01
  -4.8196720e-01
  -4.7997180e-01
  -4.7795620e-01
  -4.7598890e-01
  -4.7426720e-01
  -4.7288890e-01
  -4.7154770e-01
  -4.7011470e-01
  -4.6860180e-01
  -4.6704360e-01
  -4.6544950e-01
  -4.6395110e-01
  -4.6266280e-01
  -4.6162320e-01
  -4.6057460e-01
  -4.5922180e-01
  -4.5730410e-01
  -4.5449300e-01
  -4.5047740e-01
  -4.4501920e-01
  -4.3785550e-01
  -4.2873590e-01
  -4.1761160e-01
  -4.0502290e-01
  -3.9154680e-01
  -3.7754750e-01
  -3.6339580e-01
  -3.4921730e-01
  -3.3491460e-01
  -3.2058190e-01
  -3.0621550e-01
  -2.9170390e-01
  -2.7694360e-01
  -2.6203240e-01
  -2.4715230e-01
  -2.3210780e-01
  -2.1695130e-01
  -2.0182000e-01
  -1.8661820e-01
  -1.7144970e-01
  -1.5646860e-01
  -1.4163220e-01
  -1.2680230e-01
  -1.1188110e-01
  -9.7032550e-02
  -8.2057120e-02
  -6.6826460e-02
  -5.1492090e-02
  -3.5945890e-02
  -2.0009280e-02
  -3.7205220e-03
   1.2792230e-02
   2.9663620e-02
   4.7301470e-02
   6.5619230e-02
   8.4705050e-02
   1.0485760e-01
   1.2601220e-01
   1.4850870e-01
   1.7321350e-01
   2.0029350e-01
   2.3139010e-01
   2.6874840e-01
   3.1683900e-01
   9.9999960e-01
