   1.0000000e+00
   9.9972282e-01
   9.9889157e-01
   9.9750702e-01
   9.9557052e-01
   9.9308396e-01
   9.9004981e-01
   9.8647113e-01
   9.8235158e-01
   9.7769545e-01
   9.7250772e-01
   9.6679405e-01
   9.6056086e-01
   9.5381536e-01
   9.4656547e-01
   9.3881981e-01
   9.3058762e-01
   9.2187875e-01
   9.1270366e-01
   9.0307338e-01
   8.9299937e-01
   8.8249359e-01
   8.7156835e-01
   8.6023631e-01
   8.4851054e-01
   8.3640446e-01
   8.2393175e-01
   8.1110640e-01
   7.9794267e-01
   7.8445516e-01
   7.7065884e-01
   7.5656897e-01
   7.4220091e-01
   7.2756982e-01
   7.1269084e-01
   6.9757919e-01
   6.8225028e-01
   6.6671960e-01
   6.5100275e-01
   6.3511537e-01
   6.1907332e-01
   6.0289264e-01
   5.8658945e-01
   5.7017997e-01
   5.5368045e-01
   5.3710708e-01
   5.2047627e-01
   5.0380453e-01
   4.8710845e-01
   4.7040529e-01
   4.5371307e-01
   4.3705060e-01
   4.2043753e-01
   4.0389419e-01
   3.8744148e-01
   3.7110059e-01
   3.5489266e-01
   3.3883850e-01
   3.2295825e-01
   3.0727113e-01
   2.9179550e-01
   2.7654886e-01
   2.6154819e-01
   2.4681013e-01
   2.3235122e-01
   2.1818765e-01
   2.0433540e-01
   1.9081033e-01
   1.7762783e-01
   1.6480291e-01
   1.5235024e-01
   1.4028420e-01
   1.2861896e-01
   1.1736835e-01
   1.0654560e-01
   9.6163630e-02
   8.6235182e-02
   7.6773061e-02
   6.7789978e-02
   5.9298518e-02
   5.1311219e-02
   4.3840977e-02
   3.6900851e-02
   3.0504111e-02
   2.4664931e-02
   1.9399703e-02
   1.4726914e-02
   1.0667918e-02
   7.2497947e-03
   4.5036516e-03
   2.4568471e-03
   1.1032306e-03
   3.6917698e-04
   7.3224729e-05
   2.0460885e-18
   7.2572910e-05
   3.6823321e-04
   1.1032339e-03
   2.4612408e-03
   4.5192784e-03
   7.2849399e-03
   1.0730285e-02
   1.4822222e-02
   1.9531499e-02
   2.4832521e-02
   3.0703726e-02
   3.7127611e-02
   4.4088683e-02
   5.1573749e-02
   5.9570826e-02
   6.8068441e-02
   7.7055111e-02
   8.6519120e-02
   9.6448513e-02
   1.0683114e-01
   1.1765446e-01
   1.2890556e-01
   1.4057127e-01
   1.5263811e-01
   1.6509224e-01
   1.7791935e-01
   1.9110455e-01
   2.0463268e-01
   2.1848832e-01
   2.3265565e-01
   2.4711860e-01
   2.6186084e-01
   2.7686563e-01
   2.9211595e-01
   3.0759456e-01
   3.2328409e-01
   3.3916688e-01
   3.5522503e-01
   3.7144040e-01
   3.8779467e-01
   4.0426937e-01
   4.2084588e-01
   4.3750547e-01
   4.5422927e-01
   4.7099826e-01
   4.8779323e-01
   5.0459485e-01
   5.2138364e-01
   5.3814010e-01
   5.5484470e-01
   5.7147801e-01
   5.8802088e-01
   6.0445471e-01
   6.2076133e-01
   6.3692290e-01
   6.5292188e-01
   6.6874089e-01
   6.8436272e-01
   6.9977046e-01
   7.1494744e-01
   7.2987724e-01
   7.4454370e-01
   7.5893122e-01
   7.7302458e-01
   7.8680867e-01
   8.0026894e-01
   8.1339128e-01
   8.2616183e-01
   8.3856730e-01
   8.5059479e-01
   8.6223168e-01
   8.7346559e-01
   8.8428467e-01
   8.9467767e-01
   9.0463357e-01
   9.1414187e-01
   9.2319274e-01
   9.3177668e-01
   9.3988472e-01
   9.4750852e-01
   9.5464035e-01
   9.6127280e-01
   9.6739889e-01
   9.7301249e-01
   9.7810797e-01
   9.8268018e-01
   9.8672476e-01
   9.9023770e-01
   9.9321547e-01
   9.9565539e-01
   9.9755515e-01
   9.9891305e-01
   9.9972820e-01
   1.0000000e+00
