   0.0000000e+00
   1.6173371e-05
   6.4070150e-05
   1.4168100e-04
   2.4542657e-04
   3.7084835e-04
   5.1236799e-04
   6.6288199e-04
   8.1413198e-04
   9.5659232e-04
   1.0794157e-03
   1.1705579e-03
   1.2178397e-03
   1.2095119e-03
   1.1347165e-03
   9.8459394e-04
   7.5178938e-04
   4.2920580e-04
   9.6085060e-06
  -5.1321923e-04
  -1.1434656e-03
  -1.8847534e-03
  -2.7392006e-03
  -3.7070188e-03
  -4.7887841e-03
  -5.9842090e-03
  -7.2915810e-03
  -8.7087607e-03
  -1.0233035e-02
  -1.1861380e-02
  -1.3591484e-02
  -1.5420554e-02
  -1.7344240e-02
  -1.9354822e-02
  -2.1442820e-02
  -2.3597787e-02
  -2.5808985e-02
  -2.8065124e-02
  -3.0354134e-02
  -3.2662908e-02
  -3.4978414e-02
  -3.7287524e-02
  -3.9576292e-02
  -4.1829927e-02
  -4.4032189e-02
  -4.6164536e-02
  -4.8207688e-02
  -5.0140417e-02
  -5.1938237e-02
  -5.3577682e-02
  -5.5037209e-02
  -5.6297764e-02
  -5.7343593e-02
  -5.8163429e-02
  -5.8751373e-02
  -5.9106821e-02
  -5.9235958e-02
  -5.9151464e-02
  -5.8869633e-02
  -5.8411790e-02
  -5.7802106e-02
  -5.7062372e-02
  -5.6210909e-02
  -5.5261255e-02
  -5.4220907e-02
  -5.3096681e-02
  -5.1893588e-02
  -5.0613856e-02
  -4.9261307e-02
  -4.7840063e-02
  -4.6353678e-02
  -4.4805302e-02
  -4.3197031e-02
  -4.1530852e-02
  -3.9810500e-02
  -3.8039524e-02
  -3.6220310e-02
  -3.4353481e-02
  -3.2439398e-02
  -3.0478556e-02
  -2.8471514e-02
  -2.6418292e-02
  -2.4319818e-02
  -2.2178186e-02
  -1.9995680e-02
  -1.7773725e-02
  -1.5515901e-02
  -1.3228718e-02
  -1.0921140e-02
  -8.6196457e-03
  -6.3716937e-03
  -4.2711498e-03
  -2.4806203e-03
  -1.1257450e-03
  -9.1992409e-19
   1.1266346e-03
   2.4828621e-03
   4.2749342e-03
   6.3750748e-03
   8.6162139e-03
   1.0899005e-02
   1.3172091e-02
   1.5407970e-02
   1.7598829e-02
   1.9746728e-02
   2.1856716e-02
   2.3933676e-02
   2.5982899e-02
   2.8006034e-02
   3.0002068e-02
   3.1968357e-02
   3.3902054e-02
   3.5800410e-02
   3.7660535e-02
   3.9479037e-02
   4.1252971e-02
   4.2979353e-02
   4.4654485e-02
   4.6274331e-02
   4.7834626e-02
   4.9331531e-02
   5.0763343e-02
   5.2127742e-02
   5.3421901e-02
   5.4643763e-02
   5.5790342e-02
   5.6858578e-02
   5.7846495e-02
   5.8752995e-02
   5.9576014e-02
   6.0311687e-02
   6.0956693e-02
   6.1508500e-02
   6.1965182e-02
   6.2324773e-02
   6.2585818e-02
   6.2746887e-02
   6.2805130e-02
   6.2755796e-02
   6.2593106e-02
   6.2311465e-02
   6.1905176e-02
   6.1369363e-02
   6.0700866e-02
   5.9897672e-02
   5.8960060e-02
   5.7891992e-02
   5.6703067e-02
   5.5404667e-02
   5.4008035e-02
   5.2524331e-02
   5.0962950e-02
   4.9331684e-02
   4.7638745e-02
   4.5891595e-02
   4.4096934e-02
   4.2261431e-02
   4.0393145e-02
   3.8500321e-02
   3.6589334e-02
   3.4667733e-02
   3.2743401e-02
   3.0823102e-02
   2.8914378e-02
   2.7024629e-02
   2.5159981e-02
   2.3325413e-02
   2.1526131e-02
   1.9768177e-02
   1.8055946e-02
   1.6393996e-02
   1.4787855e-02
   1.3241848e-02
   1.1760253e-02
   1.0347880e-02
   9.0097468e-03
   7.7496831e-03
   6.5706148e-03
   5.4770073e-03
   4.4728044e-03
   3.5613802e-03
   2.7470275e-03
   2.0327571e-03
   1.4209889e-03
   9.1523476e-04
   5.1775431e-04
   2.3090873e-04
   5.7820891e-05
   0.0000000e+00
